m =  5
n =  20
A =

 Columns 1 through 7:

  -0.142713   0.438730  -0.473706  -1.158401  -0.749596   0.651321  -0.710924
  -0.515642  -0.191782  -1.809903   1.332052  -1.645754   1.589846  -3.068057
  -0.278824  -0.291098  -1.429715   1.231801  -0.641678  -1.073443  -1.337706
   0.425397   0.749059  -2.193383   0.373388  -0.776190   1.061963  -0.709559
   0.103824   0.158904  -0.071523  -1.334018   1.678612   1.174824   1.396158

 Columns 8 through 14:

   0.643781   1.997599   0.319589  -2.660151   0.712863   0.417744   0.330317
   0.551781  -1.488840  -1.066691  -1.594322   1.394777  -1.269252   1.203902
   0.944785  -0.408819  -0.257085   0.756825   0.111437  -0.403315  -0.971187
  -1.306354  -1.383178   0.702974  -1.569649  -0.498488   0.932112  -0.020181
  -0.813515  -0.686515  -1.192846  -0.736630   1.202706   0.991365  -2.187231

 Columns 15 through 20:

  -0.462841  -0.829986  -0.369926   0.700018  -0.971453   0.708867
  -1.900671   0.983359  -0.017026   0.234564  -0.445569   0.199003
  -0.469840   1.097289  -0.258751   1.885049  -0.205607  -1.278046
   0.957834  -0.375801  -0.637768  -1.366903   0.245706   0.425676
   0.670557  -2.250225  -1.699076   0.505402  -2.866346  -0.378277

b =

   0.28581
  -0.56928
  -1.56371
  -0.33428
   0.47445

c =

  -0.19644
  -0.12841
  -0.18445
   1.13081
  -1.06459
  -0.29936
  -1.80107
   1.41992
   0.71745
  -0.34614
   1.17594
   1.26283
   0.37699
   1.31476
   0.91621
  -1.64570
   0.20820
  -1.13084
   0.77727
   0.74653

Simplex: Fase 1

Iteração 1
            | x1      | x2      | x3      | x4      | x5      | x6      | x7      | x8      | x9      | x10     | x11     | x12     | x13     | x14     | x15     | x16     | x17     | x18     | x19     | x20     | x21     | x22     | x23     | x24     | x25     |
     -3.228 |  -0.330 |  -0.331 |  -4.888 |   5.430 |  -3.993 |  -0.248 |  -5.801 |   0.360 |  -4.592 |   0.252 |   0.990 |  -0.908 |  -2.150 |   2.069 |  -1.620 |   4.785 |   1.155 |  -0.453 |   3.432 |  -0.984 |   0.000 |   0.000 |   0.000 |   0.000 |   0.000 |
-----------------------------------------------------------------------------------------------------------------------------------------------------------------------------------------------------------------------------------------------------------------------
x21   0.286 |  -0.143 |   0.439 |  -0.474 |  -1.158 |  -0.750 |   0.651 |  -0.711 |   0.644 |   1.998 |   0.320 |  -2.660 |   0.713 |   0.418 |   0.330 |  -0.463 |  -0.830 |  -0.370 |   0.700 |  -0.971 |   0.709 |   1.000 |   0.000 |   0.000 |   0.000 |   0.000 |
x22   0.569 |   0.516*|   0.192 |   1.810 |  -1.332 |   1.646 |  -1.590 |   3.068 |  -0.552 |   1.489 |   1.067 |   1.594 |  -1.395 |   1.269 |  -1.204 |   1.901 |  -0.983 |   0.017 |  -0.235 |   0.446 |  -0.199 |   0.000 |   1.000 |   0.000 |   0.000 |   0.000 |
x23   1.564 |   0.279 |   0.291 |   1.430 |  -1.232 |   0.642 |   1.073 |   1.338 |  -0.945 |   0.409 |   0.257 |  -0.757 |  -0.111 |   0.403 |   0.971 |   0.470 |  -1.097 |   0.259 |  -1.885 |   0.206 |   1.278 |   0.000 |   0.000 |   1.000 |   0.000 |   0.000 |
x24   0.334 |  -0.425 |  -0.749 |   2.193 |  -0.373 |   0.776 |  -1.062 |   0.710 |   1.306 |   1.383 |  -0.703 |   1.570 |   0.498 |  -0.932 |   0.020 |  -0.958 |   0.376 |   0.638 |   1.367 |  -0.246 |  -0.426 |   0.000 |   0.000 |   0.000 |   1.000 |   0.000 |
x25   0.474 |   0.104 |   0.159 |  -0.072 |  -1.334 |   1.679 |   1.175 |   1.396 |  -0.814 |  -0.687 |  -1.193 |  -0.737 |   1.203 |   0.991 |  -2.187 |   0.671 |  -2.250 |  -1.699 |   0.505 |  -2.866 |  -0.378 |   0.000 |   0.000 |   0.000 |   0.000 |   1.000 |

Iteração 2
            | x1      | x2      | x3      | x4      | x5      | x6      | x7      | x8      | x9      | x10     | x11     | x12     | x13     | x14     | x15     | x16     | x17     | x18     | x19     | x20     | x21     | x22     | x23     | x24     | x25     |
     -2.863 |   0.000 |  -0.209 |  -3.729 |   4.577 |  -2.939 |  -1.266 |  -3.836 |   0.007 |  -3.639 |   0.935 |   2.011 |  -1.801 |  -1.337 |   1.299 |  -0.403 |   4.155 |   1.166 |  -0.603 |   3.718 |  -1.111 |   0.000 |   0.640 |   0.000 |   0.000 |   0.000 |
-----------------------------------------------------------------------------------------------------------------------------------------------------------------------------------------------------------------------------------------------------------------------
x21   0.443 |   0.000 |   0.492*|   0.027 |  -1.527 |  -0.294 |   0.211 |   0.138 |   0.491 |   2.410 |   0.615 |  -2.219 |   0.327 |   0.769 |  -0.003 |   0.063 |  -1.102 |  -0.365 |   0.635 |  -0.848 |   0.654 |   1.000 |   0.277 |   0.000 |   0.000 |   0.000 |
x1    1.104 |   1.000 |   0.372 |   3.510 |  -2.583 |   3.192 |  -3.083 |   5.950 |  -1.070 |   2.887 |   2.069 |   3.092 |  -2.705 |   2.462 |  -2.335 |   3.686 |  -1.907 |   0.033 |  -0.455 |   0.864 |  -0.386 |   0.000 |   1.939 |   0.000 |   0.000 |   0.000 |
x23   1.256 |   0.000 |   0.187 |   0.451 |  -0.512 |  -0.248 |   1.933 |  -0.321 |  -0.646 |  -0.396 |  -0.320 |  -1.619 |   0.643 |  -0.283 |   1.622 |  -0.558 |  -0.566 |   0.250 |  -1.758 |  -0.035 |   1.386 |   0.000 |  -0.541 |   1.000 |   0.000 |   0.000 |
x24   0.804 |   0.000 |  -0.591 |   3.687 |  -1.472 |   2.134 |  -2.374 |   3.241 |   0.851 |   2.611 |   0.177 |   2.885 |  -0.652 |   0.115 |  -0.973 |   0.610 |  -0.435 |   0.652 |   1.173 |   0.122 |  -0.590 |   0.000 |   0.825 |   0.000 |   1.000 |   0.000 |
x25   0.360 |   0.000 |   0.120 |  -0.436 |  -1.066 |   1.347 |   1.495 |   0.778 |  -0.702 |  -0.986 |  -1.408 |  -1.058 |   1.484 |   0.736 |  -1.945 |   0.288 |  -2.052 |  -1.703 |   0.553 |  -2.956 |  -0.338 |   0.000 |  -0.201 |   0.000 |   0.000 |   1.000 |

Iteração 3
            | x1      | x2      | x3      | x4      | x5      | x6      | x7      | x8      | x9      | x10     | x11     | x12     | x13     | x14     | x15     | x16     | x17     | x18     | x19     | x20     | x21     | x22     | x23     | x24     | x25     |
     -2.675 |   0.000 |   0.000 |  -3.717 |   3.929 |  -3.064 |  -1.176 |  -3.777 |   0.215 |  -2.616 |   1.196 |   1.069 |  -1.662 |  -1.011 |   1.297 |  -0.377 |   3.688 |   1.011 |  -0.333 |   3.358 |  -0.834 |   0.424 |   0.758 |   0.000 |   0.000 |   0.000 |
-----------------------------------------------------------------------------------------------------------------------------------------------------------------------------------------------------------------------------------------------------------------------
x2    0.902 |   0.000 |   1.000 |   0.055 |  -3.105 |  -0.598 |   0.430 |   0.281 |   0.998 |   4.900 |   1.250 |  -4.512 |   0.665 |   1.564 |  -0.006 |   0.129 |  -2.241 |  -0.743 |   1.291 |  -1.725 |   1.329 |   2.033 |   0.563 |   0.000 |   0.000 |   0.000 |
x1    0.769 |   1.000 |   0.000 |   3.489*|  -1.428 |   3.414 |  -3.243 |   5.845 |  -1.441 |   1.065 |   1.604 |   4.770 |  -2.952 |   1.880 |  -2.333 |   3.638 |  -1.074 |   0.309 |  -0.935 |   1.506 |  -0.880 |  -0.756 |   1.730 |   0.000 |   0.000 |   0.000 |
x23   1.087 |   0.000 |   0.000 |   0.441 |   0.070 |  -0.136 |   1.853 |  -0.374 |  -0.834 |  -1.314 |  -0.554 |  -0.773 |   0.518 |  -0.576 |   1.623 |  -0.582 |  -0.146 |   0.389 |  -2.000 |   0.288 |   1.137 |  -0.381 |  -0.646 |   1.000 |   0.000 |   0.000 |
x24   1.337 |   0.000 |   0.000 |   3.719 |  -3.307 |   1.781 |  -2.120 |   3.407 |   1.441 |   5.506 |   0.916 |   0.219 |  -0.260 |   1.039 |  -0.976 |   0.686 |  -1.760 |   0.213 |   1.936 |  -0.897 |   0.196 |   1.201 |   1.157 |   0.000 |   1.000 |   0.000 |
x25   0.251 |   0.000 |   0.000 |  -0.443 |  -0.692 |   1.419 |   1.443 |   0.745 |  -0.823 |  -1.576 |  -1.558 |  -0.515 |   1.404 |   0.548 |  -1.944 |   0.272 |  -1.783 |  -1.613 |   0.397 |  -2.749 |  -0.498 |  -0.245 |  -0.269 |   0.000 |   0.000 |   1.000 |

Iteração 4
            | x1      | x2      | x3      | x4      | x5      | x6      | x7      | x8      | x9      | x10     | x11     | x12     | x13     | x14     | x15     | x16     | x17     | x18     | x19     | x20     | x21     | x22     | x23     | x24     | x25     |
     -1.856 |   1.065 |   0.000 |   0.000 |   2.407 |   0.573 |  -4.631 |   2.450 |  -1.321 |  -1.482 |   2.905 |   6.151 |  -4.807 |   0.992 |  -1.188 |   3.499 |   2.544 |   1.341 |  -1.330 |   4.962 |  -1.772 |  -0.381 |   2.601 |   0.000 |   0.000 |   0.000 |
-----------------------------------------------------------------------------------------------------------------------------------------------------------------------------------------------------------------------------------------------------------------------
x2    0.889 |  -0.016 |   1.000 |   0.000 |  -3.082 |  -0.652 |   0.481 |   0.188 |   1.021 |   4.883 |   1.225 |  -4.587 |   0.711 |   1.534 |   0.031 |   0.071 |  -2.224 |  -0.747 |   1.306 |  -1.748 |   1.343 |   2.045 |   0.535 |   0.000 |   0.000 |   0.000 |
x3    0.220 |   0.287 |   0.000 |   1.000 |  -0.409 |   0.978 |  -0.929 |   1.675 |  -0.413 |   0.305 |   0.460 |   1.367 |  -0.846 |   0.539 |  -0.668 |   1.043 |  -0.308 |   0.089 |  -0.268 |   0.431 |  -0.252 |  -0.217 |   0.496 |   0.000 |   0.000 |   0.000 |
x23   0.990 |  -0.126 |   0.000 |   0.000 |   0.251 |  -0.567 |   2.262 |  -1.112 |  -0.651 |  -1.449 |  -0.757 |  -1.376 |   0.891 |  -0.813 |   1.918 |  -1.041 |  -0.010 |   0.350 |  -1.882 |   0.098 |   1.248 |  -0.286 |  -0.865 |   1.000 |   0.000 |   0.000 |
x24   0.517 |  -1.066 |   0.000 |   0.000 |  -1.784 |  -1.858 |   1.337 |  -2.824 |   2.977 |   4.371 |  -0.794 |  -4.865 |   2.887 |  -0.965 |   1.510 |  -3.192 |  -0.615 |  -0.117 |   2.933 |  -2.502 |   1.134 |   2.007 |  -0.686 |   0.000 |   1.000 |   0.000 |
x25   0.349 |   0.127 |   0.000 |   0.000 |  -0.873 |   1.852 |   1.032*|   1.486 |  -1.005 |  -1.441 |  -1.355 |   0.090 |   1.029 |   0.786 |  -2.240 |   0.734 |  -1.919 |  -1.574 |   0.279 |  -2.558 |  -0.610 |  -0.341 |  -0.050 |   0.000 |   0.000 |   1.000 |

Iteração 5
            | x1      | x2      | x3      | x4      | x5      | x6      | x7      | x8      | x9      | x10     | x11     | x12     | x13     | x14     | x15     | x16     | x17     | x18     | x19     | x20     | x21     | x22     | x23     | x24     | x25     |
     -0.290 |   1.635 |   0.000 |   0.000 |  -1.513 |   8.886 |   0.000 |   9.119 |  -5.832 |  -7.947 |  -3.174 |   6.555 |  -0.189 |   4.520 | -11.240 |   6.793 |  -6.067 |  -5.723 |  -0.079 |  -6.517 |  -4.508 |  -1.910 |   2.378 |   0.000 |   0.000 |   4.488 |
-----------------------------------------------------------------------------------------------------------------------------------------------------------------------------------------------------------------------------------------------------------------------
x2    0.727 |  -0.075 |   1.000 |   0.000 |  -2.675 |  -1.516 |   0.000 |  -0.504 |   1.490 |   5.554 |   1.856 |  -4.629 |   0.232 |   1.167 |   1.075 |  -0.271 |  -1.329 |  -0.014 |   1.176 |  -0.556 |   1.628 |   2.204 |   0.558 |   0.000 |   0.000 |  -0.466 |
x3    0.535 |   0.401 |   0.000 |   1.000 |  -1.196 |   2.647 |   0.000 |   3.014 |  -1.319 |  -0.992 |  -0.760 |   1.448 |   0.081 |   1.247 |  -2.686 |   1.704 |  -2.036 |  -1.329 |  -0.017 |  -1.872 |  -0.801 |  -0.523 |   0.451 |   0.000 |   0.000 |   0.901 |
x23   0.225 |  -0.404 |   0.000 |   0.000 |   2.166*|  -4.628 |   0.000 |  -4.370 |   1.552 |   1.709 |   2.213 |  -1.573 |  -1.365 |  -2.537 |   6.828 |  -2.650 |   4.196 |   3.800 |  -2.493 |   5.705 |   2.584 |   0.461 |  -0.756 |   1.000 |   0.000 |  -2.192 |
x24   0.065 |  -1.230 |   0.000 |   0.000 |  -0.653 |  -4.258 |   0.000 |  -4.749 |   4.280 |   6.237 |   0.961 |  -4.982 |   1.554 |  -1.983 |   4.412 |  -4.143 |   1.871 |   1.923 |   2.572 |   0.812 |   1.924 |   2.449 |  -0.622 |   0.000 |   1.000 |  -1.296 |
x6    0.338 |   0.123 |   0.000 |   0.000 |  -0.846 |   1.795 |   1.000 |   1.440 |  -0.974 |  -1.396 |  -1.313 |   0.087 |   0.997 |   0.762 |  -2.171 |   0.711 |  -1.860 |  -1.525 |   0.270 |  -2.479 |  -0.591 |  -0.330 |  -0.048 |   0.000 |   0.000 |   0.969 |

Iteração 6
            | x1      | x2      | x3      | x4      | x5      | x6      | x7      | x8      | x9      | x10     | x11     | x12     | x13     | x14     | x15     | x16     | x17     | x18     | x19     | x20     | x21     | x22     | x23     | x24     | x25     |
     -0.133 |   1.352 |   0.000 |   0.000 |   0.000 |   5.653 |   0.000 |   6.066 |  -4.748 |  -6.753 |  -1.628 |   5.456 |  -1.142 |   2.748 |  -6.470 |   4.941 |  -3.135 |  -3.068 |  -1.821 |  -2.531 |  -2.703 |  -1.587 |   1.850 |   0.699 |   0.000 |   2.956 |
-----------------------------------------------------------------------------------------------------------------------------------------------------------------------------------------------------------------------------------------------------------------------
x2    1.005 |  -0.574 |   1.000 |   0.000 |   0.000 |  -7.232 |   0.000 |  -5.902 |   3.408 |   7.666 |   4.590 |  -6.573 |  -1.455 |  -1.966 |   9.510 |  -3.545 |   3.854 |   4.680 |  -1.903 |   6.491 |   4.820 |   2.773 |  -0.375 |   1.235 |   0.000 |  -3.174 |
x3    0.659 |   0.177 |   0.000 |   1.000 |   0.000 |   0.091 |   0.000 |   0.600 |  -0.461 |  -0.048 |   0.462 |   0.579 |  -0.673 |  -0.154 |   1.085 |   0.240 |   0.282 |   0.770 |  -1.394 |   1.279 |   0.626 |  -0.269 |   0.034 |   0.552 |   0.000 |  -0.310 |
x4    0.104 |  -0.187 |   0.000 |   0.000 |   1.000 |  -2.137 |   0.000 |  -2.018 |   0.717 |   0.789 |   1.022 |  -0.726 |  -0.630 |  -1.171 |   3.153 |  -1.224 |   1.938 |   1.755 |  -1.151 |   2.634 |   1.193 |   0.213 |  -0.349 |   0.462 |   0.000 |  -1.012 |
x24   0.133 |  -1.352 |   0.000 |   0.000 |   0.000 |  -5.653 |   0.000 |  -6.066 |   4.748*|   6.753 |   1.628 |  -5.456 |   1.142 |  -2.748 |   6.470 |  -4.941 |   3.135 |   3.068 |   1.821 |   2.531 |   2.703 |   2.587 |  -0.850 |   0.301 |   1.000 |  -1.956 |
x6    0.426 |  -0.035 |   0.000 |   0.000 |   0.000 |  -0.014 |   1.000 |  -0.268 |  -0.367 |  -0.728 |  -0.448 |  -0.528 |   0.464 |  -0.230 |   0.498 |  -0.325 |  -0.219 |  -0.040 |  -0.704 |  -0.249 |   0.419 |  -0.150 |  -0.344 |   0.391 |   0.000 |   0.112 |

Iteração 7
            | x1      | x2      | x3      | x4      | x5      | x6      | x7      | x8      | x9      | x10     | x11     | x12     | x13     | x14     | x15     | x16     | x17     | x18     | x19     | x20     | x21     | x22     | x23     | x24     | x25     |
      0.000 |   0.000 |   0.000 |   0.000 |   0.000 |   0.000 |   0.000 |  -0.000 |   0.000 |   0.000 |  -0.000 |  -0.000 |   0.000 |  -0.000 |   0.000 |   0.000 |  -0.000 |   0.000 |  -0.000 |   0.000 |   0.000 |   1.000 |   1.000 |   1.000 |   1.000 |   1.000 |
-----------------------------------------------------------------------------------------------------------------------------------------------------------------------------------------------------------------------------------------------------------------------
x2    0.909 |   0.396 |   1.000 |   0.000 |   0.000 |  -3.175 |   0.000 |  -1.549 |   0.000 |   2.819 |   3.421 |  -2.657 |  -2.274 |   0.006 |   4.867 |   0.001 |   1.604 |   2.478 |  -3.210 |   4.674 |   2.880 |   0.916 |   0.235 |   1.019 |  -0.718 |  -1.770 |
x3    0.672 |   0.046 |   0.000 |   1.000 |   0.000 |  -0.458 |   0.000 |   0.011*|   0.000 |   0.608 |   0.620 |   0.049 |  -0.562 |  -0.421 |   1.714 |  -0.240 |   0.586 |   1.068 |  -1.217 |   1.524 |   0.888 |  -0.018 |  -0.049 |   0.582 |   0.097 |  -0.500 |
x4    0.084 |   0.017 |   0.000 |   0.000 |   1.000 |  -1.283 |   0.000 |  -1.102 |   0.000 |  -0.230 |   0.776 |   0.097 |  -0.803 |  -0.757 |   2.176 |  -0.478 |   1.464 |   1.292 |  -1.426 |   2.252 |   0.785 |  -0.178 |  -0.221 |   0.416 |  -0.151 |  -0.717 |
x8    0.028 |  -0.285 |   0.000 |   0.000 |   0.000 |  -1.191 |   0.000 |  -1.278 |   1.000 |   1.422 |   0.343 |  -1.149 |   0.241 |  -0.579 |   1.363 |  -1.041 |   0.660 |   0.646 |   0.383 |   0.533 |   0.569 |   0.545 |  -0.179 |   0.063 |   0.211 |  -0.412 |
x6    0.436 |  -0.140 |   0.000 |   0.000 |   0.000 |  -0.451 |   1.000 |  -0.737 |   0.000 |  -0.205 |  -0.322 |  -0.950 |   0.552 |  -0.442 |   0.999 |  -0.707 |   0.023 |   0.198 |  -0.563 |  -0.053 |   0.628 |   0.050 |  -0.409 |   0.414 |   0.077 |  -0.039 |

Iteração 8
            | x1      | x2      | x3      | x4      | x5      | x6      | x7      | x8      | x9      | x10     | x11     | x12     | x13     | x14     | x15     | x16     | x17     | x18     | x19     | x20     | x21     | x22     | x23     | x24     | x25     |
      0.000 |   0.000 |   0.000 |   0.000 |   0.000 |  -0.000 |   0.000 |   0.000 |   0.000 |   0.000 |   0.000 |   0.000 |  -0.000 |  -0.000 |   0.000 |  -0.000 |   0.000 |   0.000 |  -0.000 |   0.000 |   0.000 |   1.000 |   1.000 |   1.000 |   1.000 |   1.000 |
-----------------------------------------------------------------------------------------------------------------------------------------------------------------------------------------------------------------------------------------------------------------------
x2   95.989 |   6.932 |   1.000 | 141.546 |   0.000 | -68.052 |   0.000 |   0.000 |   0.000 |  88.819 |  91.178 |   4.316 | -81.838 | -59.615 | 247.445 | -33.978 |  84.604 | 153.622 | -175.481 | 220.449 | 128.635 |  -1.563 |  -6.693 |  83.338 |  13.030 | -72.559 |
x7   61.397 |   4.221 |   0.000 |  91.402 |   0.000 | -41.894 |   0.000 |   1.000 |   0.000 |  55.534 |  56.668 |   4.503 | -51.377 | -38.500 | 156.643 | -21.942 |  53.597 |  97.600 | -111.243 | 139.335 |  81.205 |  -1.601 |  -4.474 |  53.157 |   8.878 | -45.711 |
x4   67.741 |   4.668 |   0.000 | 100.721 |   1.000 | -47.448 |   0.000 |   0.000 |   0.000 |  60.965 |  63.222 |   5.059 | -57.418 | -43.181 | 174.789 | -24.657 |  60.525 | 108.841 | -124.010 | 155.792 |  90.269 |  -1.942 |  -5.150 |  58.993 |   9.632 | -51.089 |
x8   78.471 |   5.108 |   0.000 | 116.778 |   0.000 | -54.715 |   0.000 |   0.000 |   1.000 |  72.374 |  72.744 |   4.604 | -65.401 | -49.767 | 201.494 | -29.074 |  69.137 | 125.342 | -141.743 | 178.551 | 104.319 |  -1.500 |  -5.895 |  67.978 |  11.553 | -58.814 |
x6   45.714 |   2.973 |   0.000 |  67.404 |   0.000 | -31.346 |   1.000 |   0.000 |   0.000 |  40.748 |  41.468 |   2.371 | -37.336 | -28.834 | 116.515 | -16.888 |  39.548 |  72.172 | -82.599 | 102.699 |  60.513 |  -1.130 |  -3.708 |  39.615 |   6.624 | -33.749 |

Simplex: Fase 2

Iteração 1
            | x1      | x2      | x3      | x4      | x5      | x6      | x7      | x8      | x9      | x10     | x11     | x12     | x13     | x14     | x15     | x16     | x17     | x18     | x19     | x20     |
    -51.432 |  -3.346 |   0.000 | -76.920 |   0.000 |  36.706 |   0.000 |   0.000 |   0.000 | -47.363 | -48.943 |  -1.708 |  44.835 |  34.244 | -133.664 |  21.144 | -49.022 | -83.730 |  92.748 | -118.918 | -68.566 |
---------------------------------------------------------------------------------------------------------------------------------------------------------------------------------------------------------------------
x2   95.989 |   6.932*|   1.000 | 141.546 |   0.000 | -68.052 |   0.000 |   0.000 |   0.000 |  88.819 |  91.178 |   4.316 | -81.838 | -59.615 | 247.445 | -33.978 |  84.604 | 153.622 | -175.481 | 220.449 | 128.635 |
x7   61.397 |   4.221 |   0.000 |  91.402 |   0.000 | -41.894 |   0.000 |   1.000 |   0.000 |  55.534 |  56.668 |   4.503 | -51.377 | -38.500 | 156.643 | -21.942 |  53.597 |  97.600 | -111.243 | 139.335 |  81.205 |
x4   67.741 |   4.668 |   0.000 | 100.721 |   1.000 | -47.448 |   0.000 |   0.000 |   0.000 |  60.965 |  63.222 |   5.059 | -57.418 | -43.181 | 174.789 | -24.657 |  60.525 | 108.841 | -124.010 | 155.792 |  90.269 |
x8   78.471 |   5.108 |   0.000 | 116.778 |   0.000 | -54.715 |   0.000 |   0.000 |   1.000 |  72.374 |  72.744 |   4.604 | -65.401 | -49.767 | 201.494 | -29.074 |  69.137 | 125.342 | -141.743 | 178.551 | 104.319 |
x6   45.714 |   2.973 |   0.000 |  67.404 |   0.000 | -31.346 |   1.000 |   0.000 |   0.000 |  40.748 |  41.468 |   2.371 | -37.336 | -28.834 | 116.515 | -16.888 |  39.548 |  72.172 | -82.599 | 102.699 |  60.513 |

Iteração 2
            | x1      | x2      | x3      | x4      | x5      | x6      | x7      | x8      | x9      | x10     | x11     | x12     | x13     | x14     | x15     | x16     | x17     | x18     | x19     | x20     |
     -5.097 |   0.000 |   0.483 |  -8.594 |   0.000 |   3.856 |   0.000 |   0.000 |   0.000 |  -4.490 |  -4.930 |   0.375 |   5.331 |   5.468 | -14.220 |   4.742 |  -8.183 |  -9.576 |   8.042 | -12.506 |  -6.473 |
---------------------------------------------------------------------------------------------------------------------------------------------------------------------------------------------------------------------
x1   13.847 |   1.000 |   0.144 |  20.418 |   0.000 |  -9.817 |   0.000 |   0.000 |   0.000 |  12.812 |  13.153 |   0.623 | -11.805 |  -8.600 |  35.695 |  -4.901 |  12.204 |  22.160 | -25.314 |  31.801 |  18.556 |
x7    2.953 |   0.000 |  -0.609 |   5.221*|   0.000 |  -0.460 |   0.000 |   1.000 |   0.000 |   1.456 |   1.154 |   1.875 |  -1.550 |  -2.203 |   5.984 |  -1.254 |   2.085 |   4.066 |  -4.400 |   5.113 |   2.885 |
x4    3.097 |   0.000 |  -0.673 |   5.397 |   1.000 |  -1.619 |   0.000 |   0.000 |   0.000 |   1.150 |   1.818 |   2.152 |  -2.305 |  -3.034 |   8.148 |  -1.774 |   3.549 |   5.385 |  -5.833 |   7.332 |   3.641 |
x8    7.744 |   0.000 |  -0.737 |  12.485 |   0.000 |  -4.574 |   0.000 |   0.000 |   1.000 |   6.931 |   5.563 |   1.424 |  -5.101 |  -5.842 |  19.173 |  -4.039 |   6.799 |  12.151 | -12.446 |  16.121 |   9.539 |
x6    4.550 |   0.000 |  -0.429 |   6.704 |   0.000 |  -2.163 |   1.000 |   0.000 |   0.000 |   2.659 |   2.368 |   0.520 |  -2.241 |  -3.269 |  10.401 |  -2.317 |   3.267 |   6.293 |  -7.346 |   8.162 |   5.349 |

Iteração 3
            | x1      | x2      | x3      | x4      | x5      | x6      | x7      | x8      | x9      | x10     | x11     | x12     | x13     | x14     | x15     | x16     | x17     | x18     | x19     | x20     |
     -0.236 |   0.000 |  -0.520 |   0.000 |   0.000 |   3.099 |   0.000 |   1.646 |   0.000 |  -2.094 |  -3.031 |   3.462 |   2.780 |   1.842 |  -4.369 |   2.678 |  -4.751 |  -2.883 |   0.800 |  -4.089 |  -1.724 |
---------------------------------------------------------------------------------------------------------------------------------------------------------------------------------------------------------------------
x1    2.296 |   1.000 |   2.526*|   0.000 |   0.000 |  -8.018 |   0.000 |  -3.911 |   0.000 |   7.119 |   8.640 |  -6.710 |  -5.744 |   0.015 |  12.291 |   0.004 |   4.051 |   6.259 |  -8.107 |  11.804 |   7.274 |
x3    0.566 |   0.000 |  -0.117 |   1.000 |   0.000 |  -0.088 |   0.000 |   0.192 |   0.000 |   0.279 |   0.221 |   0.359 |  -0.297 |  -0.422 |   1.146 |  -0.240 |   0.399 |   0.779 |  -0.843 |   0.979 |   0.553 |
x4    0.044 |   0.000 |  -0.044 |   0.000 |   1.000 |  -1.144 |   0.000 |  -1.034 |   0.000 |  -0.354 |   0.625 |   0.214 |  -0.703 |  -0.757 |   1.962 |  -0.478 |   1.394 |   1.182 |  -1.285 |   2.046 |   0.659 |
x8    0.682 |   0.000 |   0.719 |   0.000 |   0.000 |  -3.474 |   0.000 |  -2.391 |   1.000 |   3.450 |   2.803 |  -3.060 |  -1.395 |  -0.574 |   4.863 |  -1.040 |   1.814 |   2.429 |  -1.925 |   3.895 |   2.641 |
x6    0.757 |   0.000 |   0.353 |   0.000 |   0.000 |  -1.572 |   1.000 |  -1.284 |   0.000 |   0.790 |   0.886 |  -1.888 |  -0.251 |  -0.440 |   2.717 |  -0.707 |   0.590 |   1.072 |  -1.697 |   1.597 |   1.645 |

Iteração 4
            | x1      | x2      | x3      | x4      | x5      | x6      | x7      | x8      | x9      | x10     | x11     | x12     | x13     | x14     | x15     | x16     | x17     | x18     | x19     | x20     |
      0.237 |   0.206 |   0.000 |   0.000 |   0.000 |   1.450 |   0.000 |   0.842 |   0.000 |  -0.629 |  -1.253 |   2.081 |   1.599 |   1.845 |  -1.841 |   2.678 |  -3.918 |  -1.595 |  -0.868 |  -1.661 |  -0.228 |
---------------------------------------------------------------------------------------------------------------------------------------------------------------------------------------------------------------------
x2    0.909 |   0.396 |   1.000 |   0.000 |   0.000 |  -3.175 |   0.000 |  -1.549 |   0.000 |   2.819 |   3.421 |  -2.657 |  -2.274 |   0.006 |   4.867 |   0.001 |   1.604 |   2.478 |  -3.210 |   4.674 |   2.880 |
x3    0.672 |   0.046 |   0.000 |   1.000 |   0.000 |  -0.458 |   0.000 |   0.011 |   0.000 |   0.608 |   0.620 |   0.049 |  -0.562 |  -0.421 |   1.714 |  -0.240 |   0.586 |   1.068 |  -1.217 |   1.524 |   0.888 |
x4    0.084 |   0.017 |   0.000 |   0.000 |   1.000 |  -1.283 |   0.000 |  -1.102 |   0.000 |  -0.230 |   0.776 |   0.097 |  -0.803 |  -0.757 |   2.176 |  -0.478 |   1.464 |   1.292 |  -1.426 |   2.252 |   0.785 |
x8    0.028 |  -0.285 |   0.000 |   0.000 |   0.000 |  -1.191 |   0.000 |  -1.278 |   1.000 |   1.422*|   0.343 |  -1.149 |   0.241 |  -0.579 |   1.363 |  -1.041 |   0.660 |   0.646 |   0.383 |   0.533 |   0.569 |
x6    0.436 |  -0.140 |   0.000 |   0.000 |   0.000 |  -0.451 |   1.000 |  -0.737 |   0.000 |  -0.205 |  -0.322 |  -0.950 |   0.552 |  -0.442 |   0.999 |  -0.707 |   0.023 |   0.198 |  -0.563 |  -0.053 |   0.628 |

Iteração 5
            | x1      | x2      | x3      | x4      | x5      | x6      | x7      | x8      | x9      | x10     | x11     | x12     | x13     | x14     | x15     | x16     | x17     | x18     | x19     | x20     |
      0.249 |   0.080 |   0.000 |   0.000 |   0.000 |   0.923 |   0.000 |   0.277 |   0.442 |   0.000 |  -1.102 |   1.573 |   1.705 |   1.589 |  -1.238 |   2.218 |  -3.626 |  -1.310 |  -0.699 |  -1.425 |   0.024 |
---------------------------------------------------------------------------------------------------------------------------------------------------------------------------------------------------------------------
x2    0.854 |   0.960 |   1.000 |   0.000 |   0.000 |  -0.815 |   0.000 |   0.984 |  -1.982 |   0.000 |   2.741 |  -0.379 |  -2.751 |   1.153 |   2.166 |   2.064 |   0.295 |   1.198 |  -3.970 |   3.617 |   1.752 |
x3    0.660 |   0.168 |   0.000 |   1.000 |   0.000 |   0.050 |   0.000 |   0.557 |  -0.427 |   0.000 |   0.473 |   0.540 |  -0.665 |  -0.174 |   1.132 |   0.205 |   0.304 |   0.792 |  -1.381 |   1.297 |   0.645 |
x4    0.088 |  -0.029 |   0.000 |   0.000 |   1.000 |  -1.476 |   0.000 |  -1.309 |   0.162 |   0.000 |   0.832 |  -0.089 |  -0.764 |  -0.850 |   2.397 |  -0.646 |   1.571 |   1.396 |  -1.364 |   2.338 |   0.878 |
x9    0.020 |  -0.200 |   0.000 |   0.000 |   0.000 |  -0.837 |   0.000 |  -0.898 |   0.703 |   1.000 |   0.241*|  -0.808 |   0.169 |  -0.407 |   0.958 |  -0.732 |   0.464 |   0.454 |   0.270 |   0.375 |   0.400 |
x6    0.440 |  -0.181 |   0.000 |   0.000 |   0.000 |  -0.623 |   1.000 |  -0.922 |   0.144 |   0.000 |  -0.272 |  -1.116 |   0.587 |  -0.526 |   1.196 |  -0.857 |   0.119 |   0.291 |  -0.508 |   0.024 |   0.711 |

Iteração 6
            | x1      | x2      | x3      | x4      | x5      | x6      | x7      | x8      | x9      | x10     | x11     | x12     | x13     | x14     | x15     | x16     | x17     | x18     | x19     | x20     |
      0.339 |  -0.835 |   0.000 |   0.000 |   0.000 |  -2.901 |   0.000 |  -3.828 |   3.654 |   4.569 |   0.000 |  -2.118 |   2.478 |  -0.270 |   3.139 |  -1.125 |  -1.505 |   0.766 |   0.533 |   0.288 |   1.852 |
---------------------------------------------------------------------------------------------------------------------------------------------------------------------------------------------------------------------
x2    0.630 |   3.237 |   1.000 |   0.000 |   0.000 |   8.702 |   0.000 |  11.197 |  -9.976 | -11.370 |   0.000 |   8.806 |  -4.675 |   5.780 |  -8.727 |  10.384 |  -4.984 |  -3.968 |  -7.036 |  -0.645 |  -2.799 |
x3    0.621 |   0.561 |   0.000 |   1.000 |   0.000 |   1.694 |   0.000 |   2.321 |  -1.808 |  -1.964 |   0.000 |   2.127 |  -0.997 |   0.625 |  -0.750 |   1.641 |  -0.608 |  -0.100 |  -1.910 |   0.561 |  -0.141 |
x4    0.020 |   0.662*|   0.000 |   0.000 |   1.000 |   1.411 |   0.000 |   1.789 |  -2.263 |  -3.449 |   0.000 |   2.698 |  -1.347 |   0.553 |  -0.907 |   1.877 |  -0.030 |  -0.171 |  -2.294 |   1.046 |  -0.503 |
x10   0.082 |  -0.830 |   0.000 |   0.000 |   0.000 |  -3.472 |   0.000 |  -3.726 |   2.916 |   4.147 |   1.000 |  -3.351 |   0.702 |  -1.688 |   3.973 |  -3.035 |   1.926 |   1.884 |   1.118 |   1.555 |   1.660 |
x6    0.463 |  -0.407 |   0.000 |   0.000 |   0.000 |  -1.568 |   1.000 |  -1.936 |   0.938 |   1.129 |   0.000 |  -2.028 |   0.778 |  -0.985 |   2.277 |  -1.683 |   0.643 |   0.804 |  -0.204 |   0.447 |   1.162 |

Iteração 7
            | x1      | x2      | x3      | x4      | x5      | x6      | x7      | x8      | x9      | x10     | x11     | x12     | x13     | x14     | x15     | x16     | x17     | x18     | x19     | x20     |
      0.365 |   0.000 |   0.000 |   0.000 |   1.262 |  -1.121 |   0.000 |  -1.570 |   0.800 |   0.218 |   0.000 |   1.285 |   0.778 |   0.428 |   1.994 |   1.243 |  -1.543 |   0.551 |  -2.361 |   1.607 |   1.218 |
---------------------------------------------------------------------------------------------------------------------------------------------------------------------------------------------------------------------
x2    0.530 |   0.000 |   1.000 |   0.000 |  -4.891 |   1.803 |   0.000 |   2.447 |   1.091 |   5.497 |   0.000 |  -4.386 |   1.914 |   3.074 |  -4.290 |   1.202 |  -4.837 |  -3.133 |   4.183 |  -5.758 |  -0.339 |
x3    0.604 |   0.000 |   0.000 |   1.000 |  -0.848 |   0.498 |   0.000 |   0.804 |   0.110 |   0.960 |   0.000 |  -0.160 |   0.145 |   0.156 |   0.019 |   0.050 |  -0.582 |   0.044 |   0.034 |  -0.326 |   0.286 |
x1    0.031 |   1.000 |   0.000 |   0.000 |   1.511 |   2.132*|   0.000 |   2.703 |  -3.419 |  -5.211 |   0.000 |   4.076 |  -2.036 |   0.836 |  -1.371 |   2.837 |  -0.045 |  -0.258 |  -3.466 |   1.580 |  -0.760 |
x10   0.107 |   0.000 |   0.000 |   0.000 |   1.255 |  -1.702 |   0.000 |  -1.481 |   0.077 |  -0.180 |   1.000 |   0.034 |  -0.989 |  -0.994 |   2.835 |  -0.679 |   1.888 |   1.670 |  -1.760 |   2.866 |   1.029 |
x6    0.475 |   0.000 |   0.000 |   0.000 |   0.615 |  -0.701 |   1.000 |  -0.836 |  -0.453 |  -0.992 |   0.000 |  -0.369 |  -0.050 |  -0.645 |   1.719 |  -0.529 |   0.624 |   0.699 |  -1.614 |   1.090 |   0.853 |

Iteração 8
            | x1      | x2      | x3      | x4      | x5      | x6      | x7      | x8      | x9      | x10     | x11     | x12     | x13     | x14     | x15     | x16     | x17     | x18     | x19     | x20     |
      0.381 |   0.526 |   0.000 |   0.000 |   2.056 |   0.000 |   0.000 |  -0.148 |  -0.999 |  -2.523 |   0.000 |   3.429 |  -0.293 |   0.867 |   1.273 |   2.736 |  -1.567 |   0.415 |  -4.184 |   2.438 |   0.818 |
---------------------------------------------------------------------------------------------------------------------------------------------------------------------------------------------------------------------
x2    0.504 |  -0.846 |   1.000 |   0.000 |  -6.169 |   0.000 |   0.000 |   0.160 |   3.983 |   9.904 |   0.000 |  -7.834 |   3.636 |   2.367 |  -3.130 |  -1.197 |  -4.799 |  -2.915 |   7.114 |  -7.094 |   0.303 |
x3    0.597 |  -0.234 |   0.000 |   1.000 |  -1.201 |   0.000 |   0.000 |   0.172 |   0.909 |   2.178 |   0.000 |  -1.113 |   0.621 |  -0.039 |   0.340 |  -0.613 |  -0.571 |   0.105 |   0.844 |  -0.695 |   0.463 |
x5    0.014 |   0.469 |   0.000 |   0.000 |   0.709 |   1.000 |   0.000 |   1.268*|  -1.604 |  -2.445 |   0.000 |   1.912 |  -0.955 |   0.392 |  -0.643 |   1.331 |  -0.021 |  -0.121 |  -1.626 |   0.741 |  -0.356 |
x10   0.132 |   0.798 |   0.000 |   0.000 |   2.461 |   0.000 |   0.000 |   0.677 |  -2.653 |  -4.340 |   1.000 |   3.288 |  -2.614 |  -0.326 |   1.741 |   1.585 |   1.852 |   1.464 |  -4.527 |   4.128 |   0.422 |
x6    0.485 |   0.329 |   0.000 |   0.000 |   1.112 |   0.000 |   1.000 |   0.053 |  -1.577 |  -2.705 |   0.000 |   0.971 |  -0.720 |  -0.370 |   1.269 |   0.403 |   0.609 |   0.614 |  -2.754 |   1.609 |   0.603 |

Iteração 9
            | x1      | x2      | x3      | x4      | x5      | x6      | x7      | x8      | x9      | x10     | x11     | x12     | x13     | x14     | x15     | x16     | x17     | x18     | x19     | x20     |
      0.383 |   0.581 |   0.000 |   0.000 |   2.139 |   0.117 |   0.000 |   0.000 |  -1.186 |  -2.809 |   0.000 |   3.652 |  -0.404 |   0.913 |   1.198 |   2.891 |  -1.569 |   0.401 |  -4.374 |   2.524 |   0.777 |
---------------------------------------------------------------------------------------------------------------------------------------------------------------------------------------------------------------------
x2    0.502 |  -0.905 |   1.000 |   0.000 |  -6.258 |  -0.126 |   0.000 |   0.000 |   4.186*|  10.213 |   0.000 |  -8.075 |   3.757 |   2.318 |  -3.049 |  -1.365 |  -4.796 |  -2.899 |   7.320 |  -7.188 |   0.348 |
x3    0.595 |  -0.297 |   0.000 |   1.000 |  -1.297 |  -0.136 |   0.000 |   0.000 |   1.127 |   2.510 |   0.000 |  -1.372 |   0.750 |  -0.092 |   0.427 |  -0.794 |  -0.569 |   0.121 |   1.065 |  -0.796 |   0.512 |
x7    0.011 |   0.370 |   0.000 |   0.000 |   0.559 |   0.788 |   0.000 |   1.000 |  -1.265 |  -1.928 |   0.000 |   1.508 |  -0.753 |   0.309 |  -0.507 |   1.049 |  -0.017 |  -0.095 |  -1.282 |   0.584 |  -0.281 |
x10   0.124 |   0.548 |   0.000 |   0.000 |   2.082 |  -0.534 |   0.000 |   0.000 |  -1.796 |  -3.034 |   1.000 |   2.266 |  -2.104 |  -0.536 |   2.084 |   0.874 |   1.863 |   1.529 |  -3.658 |   3.732 |   0.613 |
x6    0.485 |   0.309 |   0.000 |   0.000 |   1.082 |  -0.042 |   1.000 |   0.000 |  -1.510 |  -2.603 |   0.000 |   0.891 |  -0.680 |  -0.387 |   1.295 |   0.348 |   0.610 |   0.619 |  -2.686 |   1.578 |   0.618 |

Iteração 10
            | x1      | x2      | x3      | x4      | x5      | x6      | x7      | x8      | x9      | x10     | x11     | x12     | x13     | x14     | x15     | x16     | x17     | x18     | x19     | x20     |
      0.525 |   0.324 |   0.283 |   0.000 |   0.365 |   0.081 |   0.000 |   0.000 |   0.000 |   0.086 |   0.000 |   1.364 |   0.661 |   1.570 |   0.334 |   2.504 |  -2.929 |  -0.421 |  -2.299 |   0.487 |   0.875 |
---------------------------------------------------------------------------------------------------------------------------------------------------------------------------------------------------------------------
x8    0.120 |  -0.216 |   0.239 |   0.000 |  -1.495 |  -0.030 |   0.000 |   0.000 |   1.000 |   2.440 |   0.000 |  -1.929 |   0.897 |   0.554 |  -0.728 |  -0.326 |  -1.146 |  -0.693 |   1.749 |  -1.717 |   0.083 |
x3    0.459 |  -0.054 |  -0.269 |   1.000 |   0.388 |  -0.102 |   0.000 |   0.000 |   0.000 |  -0.241 |   0.000 |   0.803 |  -0.261 |  -0.717 |   1.248 |  -0.426 |   0.723*|   0.902 |  -0.906 |   1.140 |   0.418 |
x7    0.163 |   0.096 |   0.302 |   0.000 |  -1.332 |   0.750 |   0.000 |   1.000 |   0.000 |   1.159 |   0.000 |  -0.932 |   0.382 |   1.010 |  -1.428 |   0.637 |  -1.466 |  -0.972 |   0.930 |  -1.588 |  -0.176 |
x10   0.340 |   0.159 |   0.429 |   0.000 |  -0.603 |  -0.588 |   0.000 |   0.000 |   0.000 |   1.348 |   1.000 |  -1.199 |  -0.492 |   0.459 |   0.776 |   0.289 |  -0.195 |   0.285 |  -0.517 |   0.648 |   0.762 |
x6    0.666 |  -0.017 |   0.361 |   0.000 |  -1.176 |  -0.087 |   1.000 |   0.000 |   0.000 |   1.083 |   0.000 |  -2.023 |   0.676 |   0.450 |   0.195 |  -0.145 |  -1.120 |  -0.427 |  -0.044 |  -1.015 |   0.744 |

Iteração 11
            | x1      | x2      | x3      | x4      | x5      | x6      | x7      | x8      | x9      | x10     | x11     | x12     | x13     | x14     | x15     | x16     | x17     | x18     | x19     | x20     |
      2.385 |   0.107 |  -0.807 |   4.049 |   1.938 |  -0.331 |   0.000 |   0.000 |   0.000 |  -0.890 |   0.000 |   4.614 |  -0.398 |  -1.332 |   5.389 |   0.779 |   0.000 |   3.231 |  -5.970 |   5.104 |   2.567 |
---------------------------------------------------------------------------------------------------------------------------------------------------------------------------------------------------------------------
x8    0.848 |  -0.301 |  -0.188 |   1.584 |  -0.880 |  -0.191 |   0.000 |   0.000 |   1.000 |   2.058 |   0.000 |  -0.658 |   0.483 |  -0.582 |   1.249 |  -1.001 |   0.000 |   0.736 |   0.313 |   0.089 |   0.745 |
x16   0.635 |  -0.074 |  -0.372 |   1.383 |   0.537 |  -0.141 |   0.000 |   0.000 |   0.000 |  -0.333 |   0.000 |   1.110 |  -0.361 |  -0.991 |   1.726 |  -0.589 |   1.000 |   1.247 |  -1.253 |   1.577 |   0.578 |
x7    1.094 |  -0.012 |  -0.244 |   2.027 |  -0.545 |   0.544 |   0.000 |   1.000 |   0.000 |   0.670 |   0.000 |   0.695 |  -0.148 |  -0.443 |   1.102 |  -0.227 |   0.000 |   0.857 |  -0.908 |   0.724 |   0.671 |
x10   0.463 |   0.145 |   0.357*|   0.269 |  -0.498 |  -0.616 |   0.000 |   0.000 |   0.000 |   1.283 |   1.000 |  -0.982 |  -0.562 |   0.266 |   1.112 |   0.174 |   0.000 |   0.528 |  -0.762 |   0.955 |   0.875 |
x6    1.378 |  -0.101 |  -0.056 |   1.549 |  -0.575 |  -0.245 |   1.000 |   0.000 |   0.000 |   0.709 |   0.000 |  -0.780 |   0.271 |  -0.661 |   2.129 |  -0.805 |   0.000 |   0.970 |  -1.448 |   0.751 |   1.391 |

Iteração 12
            | x1      | x2      | x3      | x4      | x5      | x6      | x7      | x8      | x9      | x10     | x11     | x12     | x13     | x14     | x15     | x16     | x17     | x18     | x19     | x20     |
      3.434 |   0.435 |   0.000 |   4.659 |   0.810 |  -1.725 |   0.000 |   0.000 |   0.000 |   2.015 |   2.264 |   2.389 |  -1.671 |  -0.730 |   7.907 |   1.173 |   0.000 |   4.426 |  -7.694 |   7.266 |   4.548 |
---------------------------------------------------------------------------------------------------------------------------------------------------------------------------------------------------------------------
x8    1.092 |  -0.225 |   0.000 |   1.726 |  -1.142 |  -0.516 |   0.000 |   0.000 |   1.000 |   2.734 |   0.527 |  -1.175 |   0.187 |  -0.442 |   1.835 |  -0.909 |   0.000 |   1.014 |  -0.089 |   0.592 |   1.206 |
x16   1.119 |   0.077 |   0.000 |   1.664 |   0.017 |  -0.784 |   0.000 |   0.000 |   0.000 |   1.007 |   1.045 |   0.084 |  -0.949 |  -0.713 |   2.888 |  -0.407 |   1.000 |   1.798 |  -2.049 |   2.574 |   1.491 |
x7    1.411 |   0.087 |   0.000 |   2.211 |  -0.886 |   0.123*|   0.000 |   1.000 |   0.000 |   1.548 |   0.684 |   0.023 |  -0.532 |  -0.262 |   1.863 |  -0.108 |   0.000 |   1.218 |  -1.429 |   1.377 |   1.269 |
x2    1.299 |   0.406 |   1.000 |   0.756 |  -1.398 |  -1.727 |   0.000 |   0.000 |   0.000 |   3.600 |   2.805 |  -2.756 |  -1.577 |   0.745 |   3.119 |   0.488 |   0.000 |   1.480 |  -2.136 |   2.678 |   2.454 |
x6    1.451 |  -0.078 |   0.000 |   1.592 |  -0.653 |  -0.342 |   1.000 |   0.000 |   0.000 |   0.912 |   0.158 |  -0.935 |   0.182 |  -0.619 |   2.305 |  -0.777 |   0.000 |   1.053 |  -1.569 |   0.902 |   1.529 |

Iteração 13
            | x1      | x2      | x3      | x4      | x5      | x6      | x7      | x8      | x9      | x10     | x11     | x12     | x13     | x14     | x15     | x16     | x17     | x18     | x19     | x20     |
     23.238 |   1.651 |   0.000 |  35.692 | -11.617 |   0.000 |   0.000 |  14.033 |   0.000 |  23.733 |  11.860 |   2.710 |  -9.138 |  -4.401 |  34.047 |  -0.340 |   0.000 |  21.513 | -27.741 |  26.588 |  22.359 |
---------------------------------------------------------------------------------------------------------------------------------------------------------------------------------------------------------------------
x8    7.013 |   0.139 |   0.000 |  11.005 |  -4.858 |   0.000 |   0.000 |   4.196 |   1.000 |   9.227 |   3.396 |  -1.079 |  -2.045 |  -1.539 |   9.651 |  -1.362 |   0.000 |   6.123 |  -6.083 |   6.369 |   6.532 |
x16  10.118 |   0.630 |   0.000 |  15.766 |  -5.630 |   0.000 |   0.000 |   6.377 |   0.000 |  10.876 |   5.405 |   0.229 |  -4.342 |  -2.381 |  14.766 |  -1.095 |   1.000 |   9.563 | -11.159 |  11.354 |   9.585 |
x5   11.479 |   0.705 |   0.000 |  17.988 |  -7.203 |   1.000 |   0.000 |   8.134 |   0.000 |  12.588 |   5.562 |   0.186 |  -4.328 |  -2.127 |  15.152 |  -0.877 |   0.000 |   9.905 | -11.620 |  11.200 |  10.325 |
x2   21.127 |   1.624 |   1.000 |  31.825 | -13.840 |   0.000 |   0.000 |  14.050 |   0.000 |  25.343 |  12.413 |  -2.435 |  -9.053 |  -2.929 |  29.291 |  -1.027 |   0.000 |  18.588 | -22.208 |  22.023 |  20.287 |
x6    5.381 |   0.164 |   0.000 |   7.750 |  -3.120 |   0.000 |   1.000 |   2.785 |   0.000 |   5.222 |   2.063 |  -0.871 |  -1.300 |  -1.347 |   7.493 |  -1.077 |   0.000 |   4.444 |  -5.547 |   4.737 |   5.064 |

ind = -1
x = [](0x0)
