m =  9
n =  18
A =

   0   0   0   0   1   0   1   1   1   0   0   0   1   1   1   0   1   0
   0   1   1   0   1   0   0   0   1   0   1   1   1   0   0   0   0   0
   0   0   0   0   1   1   1   1   0   0   1   0   1   1   1   1   0   1
   1   1   1   1   1   0   0   0   1   1   0   0   0   0   0   1   0   0
   0   0   1   0   0   1   0   0   1   1   1   1   0   1   0   1   0   0
   0   1   1   1   1   0   0   0   1   0   1   1   1   1   0   0   1   0
   0   1   1   0   1   1   0   0   0   1   0   0   0   0   1   0   0   0
   0   0   1   0   0   1   1   0   0   0   1   0   1   1   0   1   1   0
   0   0   1   1   1   0   1   1   0   1   1   0   0   1   1   1   1   1

b =

   1
   1
   1
   1
   1
   1
   1
   1
   1

c =

   0.742928
   0.753534
   0.643463
   0.826123
   0.802096
   0.499639
   0.663514
   0.301687
   0.836981
   0.226367
   0.244325
   0.853289
   0.068861
   0.851181
   0.224971
   0.117142
   0.015999
   0.252870

Simplex: Fase 1

Iteração 1
            | x1      | x2      | x3      | x4      | x5      | x6      | x7      | x8      | x9      | x10     | x11     | x12     | x13     | x14     | x15     | x16     | x17     | x18     | x19     | x20     | x21     | x22     | x23     | x24     | x25     | x26     | x27     |
     -9.000 |  -1.000 |  -4.000 |  -7.000 |  -3.000 |  -7.000 |  -4.000 |  -4.000 |  -3.000 |  -5.000 |  -4.000 |  -6.000 |  -3.000 |  -5.000 |  -6.000 |  -4.000 |  -5.000 |  -4.000 |  -2.000 |   0.000 |   0.000 |   0.000 |   0.000 |   0.000 |   0.000 |   0.000 |   0.000 |   0.000 |
-------------------------------------------------------------------------------------------------------------------------------------------------------------------------------------------------------------------------------------------------------------------------------------------
x19   1.000 |   0.000 |   0.000 |   0.000 |   0.000 |   1.000 |   0.000 |   1.000 |   1.000 |   1.000 |   0.000 |   0.000 |   0.000 |   1.000 |   1.000 |   1.000 |   0.000 |   1.000 |   0.000 |   1.000 |   0.000 |   0.000 |   0.000 |   0.000 |   0.000 |   0.000 |   0.000 |   0.000 |
x20   1.000 |   0.000 |   1.000 |   1.000 |   0.000 |   1.000 |   0.000 |   0.000 |   0.000 |   1.000 |   0.000 |   1.000 |   1.000 |   1.000 |   0.000 |   0.000 |   0.000 |   0.000 |   0.000 |   0.000 |   1.000 |   0.000 |   0.000 |   0.000 |   0.000 |   0.000 |   0.000 |   0.000 |
x21   1.000 |   0.000 |   0.000 |   0.000 |   0.000 |   1.000 |   1.000 |   1.000 |   1.000 |   0.000 |   0.000 |   1.000 |   0.000 |   1.000 |   1.000 |   1.000 |   1.000 |   0.000 |   1.000 |   0.000 |   0.000 |   1.000 |   0.000 |   0.000 |   0.000 |   0.000 |   0.000 |   0.000 |
x22   1.000 |   1.000*|   1.000 |   1.000 |   1.000 |   1.000 |   0.000 |   0.000 |   0.000 |   1.000 |   1.000 |   0.000 |   0.000 |   0.000 |   0.000 |   0.000 |   1.000 |   0.000 |   0.000 |   0.000 |   0.000 |   0.000 |   1.000 |   0.000 |   0.000 |   0.000 |   0.000 |   0.000 |
x23   1.000 |   0.000 |   0.000 |   1.000 |   0.000 |   0.000 |   1.000 |   0.000 |   0.000 |   1.000 |   1.000 |   1.000 |   1.000 |   0.000 |   1.000 |   0.000 |   1.000 |   0.000 |   0.000 |   0.000 |   0.000 |   0.000 |   0.000 |   1.000 |   0.000 |   0.000 |   0.000 |   0.000 |
x24   1.000 |   0.000 |   1.000 |   1.000 |   1.000 |   1.000 |   0.000 |   0.000 |   0.000 |   1.000 |   0.000 |   1.000 |   1.000 |   1.000 |   1.000 |   0.000 |   0.000 |   1.000 |   0.000 |   0.000 |   0.000 |   0.000 |   0.000 |   0.000 |   1.000 |   0.000 |   0.000 |   0.000 |
x25   1.000 |   0.000 |   1.000 |   1.000 |   0.000 |   1.000 |   1.000 |   0.000 |   0.000 |   0.000 |   1.000 |   0.000 |   0.000 |   0.000 |   0.000 |   1.000 |   0.000 |   0.000 |   0.000 |   0.000 |   0.000 |   0.000 |   0.000 |   0.000 |   0.000 |   1.000 |   0.000 |   0.000 |
x26   1.000 |   0.000 |   0.000 |   1.000 |   0.000 |   0.000 |   1.000 |   1.000 |   0.000 |   0.000 |   0.000 |   1.000 |   0.000 |   1.000 |   1.000 |   0.000 |   1.000 |   1.000 |   0.000 |   0.000 |   0.000 |   0.000 |   0.000 |   0.000 |   0.000 |   0.000 |   1.000 |   0.000 |
x27   1.000 |   0.000 |   0.000 |   1.000 |   1.000 |   1.000 |   0.000 |   1.000 |   1.000 |   0.000 |   1.000 |   1.000 |   0.000 |   0.000 |   1.000 |   1.000 |   1.000 |   1.000 |   1.000 |   0.000 |   0.000 |   0.000 |   0.000 |   0.000 |   0.000 |   0.000 |   0.000 |   1.000 |

Iteração 2
            | x1      | x2      | x3      | x4      | x5      | x6      | x7      | x8      | x9      | x10     | x11     | x12     | x13     | x14     | x15     | x16     | x17     | x18     | x19     | x20     | x21     | x22     | x23     | x24     | x25     | x26     | x27     |
     -8.000 |   0.000 |  -3.000 |  -6.000 |  -2.000 |  -6.000 |  -4.000 |  -4.000 |  -3.000 |  -4.000 |  -3.000 |  -6.000 |  -3.000 |  -5.000 |  -6.000 |  -4.000 |  -4.000 |  -4.000 |  -2.000 |   0.000 |   0.000 |   0.000 |   1.000 |   0.000 |   0.000 |   0.000 |   0.000 |   0.000 |
-------------------------------------------------------------------------------------------------------------------------------------------------------------------------------------------------------------------------------------------------------------------------------------------
x19   1.000 |   0.000 |   0.000 |   0.000 |   0.000 |   1.000 |   0.000 |   1.000 |   1.000 |   1.000 |   0.000 |   0.000 |   0.000 |   1.000 |   1.000 |   1.000 |   0.000 |   1.000 |   0.000 |   1.000 |   0.000 |   0.000 |   0.000 |   0.000 |   0.000 |   0.000 |   0.000 |   0.000 |
x20   1.000 |   0.000 |   1.000 |   1.000 |   0.000 |   1.000 |   0.000 |   0.000 |   0.000 |   1.000 |   0.000 |   1.000 |   1.000 |   1.000 |   0.000 |   0.000 |   0.000 |   0.000 |   0.000 |   0.000 |   1.000 |   0.000 |   0.000 |   0.000 |   0.000 |   0.000 |   0.000 |   0.000 |
x21   1.000 |   0.000 |   0.000 |   0.000 |   0.000 |   1.000 |   1.000 |   1.000 |   1.000 |   0.000 |   0.000 |   1.000 |   0.000 |   1.000 |   1.000 |   1.000 |   1.000 |   0.000 |   1.000 |   0.000 |   0.000 |   1.000 |   0.000 |   0.000 |   0.000 |   0.000 |   0.000 |   0.000 |
x1    1.000 |   1.000 |   1.000*|   1.000 |   1.000 |   1.000 |   0.000 |   0.000 |   0.000 |   1.000 |   1.000 |   0.000 |   0.000 |   0.000 |   0.000 |   0.000 |   1.000 |   0.000 |   0.000 |   0.000 |   0.000 |   0.000 |   1.000 |   0.000 |   0.000 |   0.000 |   0.000 |   0.000 |
x23   1.000 |   0.000 |   0.000 |   1.000 |   0.000 |   0.000 |   1.000 |   0.000 |   0.000 |   1.000 |   1.000 |   1.000 |   1.000 |   0.000 |   1.000 |   0.000 |   1.000 |   0.000 |   0.000 |   0.000 |   0.000 |   0.000 |   0.000 |   1.000 |   0.000 |   0.000 |   0.000 |   0.000 |
x24   1.000 |   0.000 |   1.000 |   1.000 |   1.000 |   1.000 |   0.000 |   0.000 |   0.000 |   1.000 |   0.000 |   1.000 |   1.000 |   1.000 |   1.000 |   0.000 |   0.000 |   1.000 |   0.000 |   0.000 |   0.000 |   0.000 |   0.000 |   0.000 |   1.000 |   0.000 |   0.000 |   0.000 |
x25   1.000 |   0.000 |   1.000 |   1.000 |   0.000 |   1.000 |   1.000 |   0.000 |   0.000 |   0.000 |   1.000 |   0.000 |   0.000 |   0.000 |   0.000 |   1.000 |   0.000 |   0.000 |   0.000 |   0.000 |   0.000 |   0.000 |   0.000 |   0.000 |   0.000 |   1.000 |   0.000 |   0.000 |
x26   1.000 |   0.000 |   0.000 |   1.000 |   0.000 |   0.000 |   1.000 |   1.000 |   0.000 |   0.000 |   0.000 |   1.000 |   0.000 |   1.000 |   1.000 |   0.000 |   1.000 |   1.000 |   0.000 |   0.000 |   0.000 |   0.000 |   0.000 |   0.000 |   0.000 |   0.000 |   1.000 |   0.000 |
x27   1.000 |   0.000 |   0.000 |   1.000 |   1.000 |   1.000 |   0.000 |   1.000 |   1.000 |   0.000 |   1.000 |   1.000 |   0.000 |   0.000 |   1.000 |   1.000 |   1.000 |   1.000 |   1.000 |   0.000 |   0.000 |   0.000 |   0.000 |   0.000 |   0.000 |   0.000 |   0.000 |   1.000 |

Iteração 3
            | x1      | x2      | x3      | x4      | x5      | x6      | x7      | x8      | x9      | x10     | x11     | x12     | x13     | x14     | x15     | x16     | x17     | x18     | x19     | x20     | x21     | x22     | x23     | x24     | x25     | x26     | x27     |
     -5.000 |   3.000 |   0.000 |  -3.000 |   1.000 |  -3.000 |  -4.000 |  -4.000 |  -3.000 |  -1.000 |   0.000 |  -6.000 |  -3.000 |  -5.000 |  -6.000 |  -4.000 |  -1.000 |  -4.000 |  -2.000 |   0.000 |   0.000 |   0.000 |   4.000 |   0.000 |   0.000 |   0.000 |   0.000 |   0.000 |
-------------------------------------------------------------------------------------------------------------------------------------------------------------------------------------------------------------------------------------------------------------------------------------------
x19   1.000 |   0.000 |   0.000 |   0.000 |   0.000 |   1.000 |   0.000 |   1.000 |   1.000 |   1.000 |   0.000 |   0.000 |   0.000 |   1.000 |   1.000 |   1.000 |   0.000 |   1.000 |   0.000 |   1.000 |   0.000 |   0.000 |   0.000 |   0.000 |   0.000 |   0.000 |   0.000 |   0.000 |
x20   0.000 |  -1.000 |   0.000 |   0.000 |  -1.000 |   0.000 |   0.000 |   0.000 |   0.000 |   0.000 |  -1.000 |   1.000 |   1.000 |   1.000 |   0.000 |   0.000 |  -1.000 |   0.000 |   0.000 |   0.000 |   1.000 |   0.000 |  -1.000 |   0.000 |   0.000 |   0.000 |   0.000 |   0.000 |
x21   1.000 |   0.000 |   0.000 |   0.000 |   0.000 |   1.000 |   1.000 |   1.000 |   1.000 |   0.000 |   0.000 |   1.000 |   0.000 |   1.000 |   1.000 |   1.000 |   1.000 |   0.000 |   1.000 |   0.000 |   0.000 |   1.000 |   0.000 |   0.000 |   0.000 |   0.000 |   0.000 |   0.000 |
x2    1.000 |   1.000 |   1.000 |   1.000*|   1.000 |   1.000 |   0.000 |   0.000 |   0.000 |   1.000 |   1.000 |   0.000 |   0.000 |   0.000 |   0.000 |   0.000 |   1.000 |   0.000 |   0.000 |   0.000 |   0.000 |   0.000 |   1.000 |   0.000 |   0.000 |   0.000 |   0.000 |   0.000 |
x23   1.000 |   0.000 |   0.000 |   1.000 |   0.000 |   0.000 |   1.000 |   0.000 |   0.000 |   1.000 |   1.000 |   1.000 |   1.000 |   0.000 |   1.000 |   0.000 |   1.000 |   0.000 |   0.000 |   0.000 |   0.000 |   0.000 |   0.000 |   1.000 |   0.000 |   0.000 |   0.000 |   0.000 |
x24   0.000 |  -1.000 |   0.000 |   0.000 |   0.000 |   0.000 |   0.000 |   0.000 |   0.000 |   0.000 |  -1.000 |   1.000 |   1.000 |   1.000 |   1.000 |   0.000 |  -1.000 |   1.000 |   0.000 |   0.000 |   0.000 |   0.000 |  -1.000 |   0.000 |   1.000 |   0.000 |   0.000 |   0.000 |
x25   0.000 |  -1.000 |   0.000 |   0.000 |  -1.000 |   0.000 |   1.000 |   0.000 |   0.000 |  -1.000 |   0.000 |   0.000 |   0.000 |   0.000 |   0.000 |   1.000 |  -1.000 |   0.000 |   0.000 |   0.000 |   0.000 |   0.000 |  -1.000 |   0.000 |   0.000 |   1.000 |   0.000 |   0.000 |
x26   1.000 |   0.000 |   0.000 |   1.000 |   0.000 |   0.000 |   1.000 |   1.000 |   0.000 |   0.000 |   0.000 |   1.000 |   0.000 |   1.000 |   1.000 |   0.000 |   1.000 |   1.000 |   0.000 |   0.000 |   0.000 |   0.000 |   0.000 |   0.000 |   0.000 |   0.000 |   1.000 |   0.000 |
x27   1.000 |   0.000 |   0.000 |   1.000 |   1.000 |   1.000 |   0.000 |   1.000 |   1.000 |   0.000 |   1.000 |   1.000 |   0.000 |   0.000 |   1.000 |   1.000 |   1.000 |   1.000 |   1.000 |   0.000 |   0.000 |   0.000 |   0.000 |   0.000 |   0.000 |   0.000 |   0.000 |   1.000 |

Iteração 4
            | x1      | x2      | x3      | x4      | x5      | x6      | x7      | x8      | x9      | x10     | x11     | x12     | x13     | x14     | x15     | x16     | x17     | x18     | x19     | x20     | x21     | x22     | x23     | x24     | x25     | x26     | x27     |
     -2.000 |   6.000 |   3.000 |   0.000 |   4.000 |   0.000 |  -4.000 |  -4.000 |  -3.000 |   2.000 |   3.000 |  -6.000 |  -3.000 |  -5.000 |  -6.000 |  -4.000 |   2.000 |  -4.000 |  -2.000 |   0.000 |   0.000 |   0.000 |   7.000 |   0.000 |   0.000 |   0.000 |   0.000 |   0.000 |
-------------------------------------------------------------------------------------------------------------------------------------------------------------------------------------------------------------------------------------------------------------------------------------------
x19   1.000 |   0.000 |   0.000 |   0.000 |   0.000 |   1.000 |   0.000 |   1.000 |   1.000 |   1.000 |   0.000 |   0.000 |   0.000 |   1.000 |   1.000 |   1.000 |   0.000 |   1.000 |   0.000 |   1.000 |   0.000 |   0.000 |   0.000 |   0.000 |   0.000 |   0.000 |   0.000 |   0.000 |
x20   0.000 |  -1.000 |   0.000 |   0.000 |  -1.000 |   0.000 |   0.000 |   0.000 |   0.000 |   0.000 |  -1.000 |   1.000 |   1.000 |   1.000 |   0.000 |   0.000 |  -1.000 |   0.000 |   0.000 |   0.000 |   1.000 |   0.000 |  -1.000 |   0.000 |   0.000 |   0.000 |   0.000 |   0.000 |
x21   1.000 |   0.000 |   0.000 |   0.000 |   0.000 |   1.000 |   1.000 |   1.000 |   1.000 |   0.000 |   0.000 |   1.000 |   0.000 |   1.000 |   1.000 |   1.000 |   1.000 |   0.000 |   1.000 |   0.000 |   0.000 |   1.000 |   0.000 |   0.000 |   0.000 |   0.000 |   0.000 |   0.000 |
x3    1.000 |   1.000 |   1.000 |   1.000 |   1.000 |   1.000 |   0.000 |   0.000 |   0.000 |   1.000 |   1.000 |   0.000 |   0.000 |   0.000 |   0.000 |   0.000 |   1.000 |   0.000 |   0.000 |   0.000 |   0.000 |   0.000 |   1.000 |   0.000 |   0.000 |   0.000 |   0.000 |   0.000 |
x23   0.000 |  -1.000 |  -1.000 |   0.000 |  -1.000 |  -1.000 |   1.000*|   0.000 |   0.000 |   0.000 |   0.000 |   1.000 |   1.000 |   0.000 |   1.000 |   0.000 |   0.000 |   0.000 |   0.000 |   0.000 |   0.000 |   0.000 |  -1.000 |   1.000 |   0.000 |   0.000 |   0.000 |   0.000 |
x24   0.000 |  -1.000 |   0.000 |   0.000 |   0.000 |   0.000 |   0.000 |   0.000 |   0.000 |   0.000 |  -1.000 |   1.000 |   1.000 |   1.000 |   1.000 |   0.000 |  -1.000 |   1.000 |   0.000 |   0.000 |   0.000 |   0.000 |  -1.000 |   0.000 |   1.000 |   0.000 |   0.000 |   0.000 |
x25   0.000 |  -1.000 |   0.000 |   0.000 |  -1.000 |   0.000 |   1.000 |   0.000 |   0.000 |  -1.000 |   0.000 |   0.000 |   0.000 |   0.000 |   0.000 |   1.000 |  -1.000 |   0.000 |   0.000 |   0.000 |   0.000 |   0.000 |  -1.000 |   0.000 |   0.000 |   1.000 |   0.000 |   0.000 |
x26   0.000 |  -1.000 |  -1.000 |   0.000 |  -1.000 |  -1.000 |   1.000 |   1.000 |   0.000 |  -1.000 |  -1.000 |   1.000 |   0.000 |   1.000 |   1.000 |   0.000 |   0.000 |   1.000 |   0.000 |   0.000 |   0.000 |   0.000 |  -1.000 |   0.000 |   0.000 |   0.000 |   1.000 |   0.000 |
x27   0.000 |  -1.000 |  -1.000 |   0.000 |   0.000 |   0.000 |   0.000 |   1.000 |   1.000 |  -1.000 |   0.000 |   1.000 |   0.000 |   0.000 |   1.000 |   1.000 |   0.000 |   1.000 |   1.000 |   0.000 |   0.000 |   0.000 |  -1.000 |   0.000 |   0.000 |   0.000 |   0.000 |   1.000 |

Iteração 5
            | x1      | x2      | x3      | x4      | x5      | x6      | x7      | x8      | x9      | x10     | x11     | x12     | x13     | x14     | x15     | x16     | x17     | x18     | x19     | x20     | x21     | x22     | x23     | x24     | x25     | x26     | x27     |
     -2.000 |   2.000 |  -1.000 |   0.000 |   0.000 |  -4.000 |   0.000 |  -4.000 |  -3.000 |   2.000 |   3.000 |  -2.000 |   1.000 |  -5.000 |  -2.000 |  -4.000 |   2.000 |  -4.000 |  -2.000 |   0.000 |   0.000 |   0.000 |   3.000 |   4.000 |   0.000 |   0.000 |   0.000 |   0.000 |
-------------------------------------------------------------------------------------------------------------------------------------------------------------------------------------------------------------------------------------------------------------------------------------------
x19   1.000 |   0.000 |   0.000 |   0.000 |   0.000 |   1.000 |   0.000 |   1.000 |   1.000 |   1.000 |   0.000 |   0.000 |   0.000 |   1.000 |   1.000 |   1.000 |   0.000 |   1.000 |   0.000 |   1.000 |   0.000 |   0.000 |   0.000 |   0.000 |   0.000 |   0.000 |   0.000 |   0.000 |
x20   0.000 |  -1.000 |   0.000 |   0.000 |  -1.000 |   0.000 |   0.000 |   0.000 |   0.000 |   0.000 |  -1.000 |   1.000 |   1.000 |   1.000 |   0.000 |   0.000 |  -1.000 |   0.000 |   0.000 |   0.000 |   1.000 |   0.000 |  -1.000 |   0.000 |   0.000 |   0.000 |   0.000 |   0.000 |
x21   1.000 |   1.000 |   1.000 |   0.000 |   1.000 |   2.000 |   0.000 |   1.000 |   1.000 |   0.000 |   0.000 |   0.000 |  -1.000 |   1.000 |   0.000 |   1.000 |   1.000 |   0.000 |   1.000 |   0.000 |   0.000 |   1.000 |   1.000 |  -1.000 |   0.000 |   0.000 |   0.000 |   0.000 |
x3    1.000 |   1.000 |   1.000 |   1.000 |   1.000 |   1.000 |   0.000 |   0.000 |   0.000 |   1.000 |   1.000 |   0.000 |   0.000 |   0.000 |   0.000 |   0.000 |   1.000 |   0.000 |   0.000 |   0.000 |   0.000 |   0.000 |   1.000 |   0.000 |   0.000 |   0.000 |   0.000 |   0.000 |
x6    0.000 |  -1.000 |  -1.000 |   0.000 |  -1.000 |  -1.000 |   1.000 |   0.000 |   0.000 |   0.000 |   0.000 |   1.000 |   1.000 |   0.000 |   1.000 |   0.000 |   0.000 |   0.000 |   0.000 |   0.000 |   0.000 |   0.000 |  -1.000 |   1.000 |   0.000 |   0.000 |   0.000 |   0.000 |
x24   0.000 |  -1.000 |   0.000 |   0.000 |   0.000 |   0.000 |   0.000 |   0.000 |   0.000 |   0.000 |  -1.000 |   1.000 |   1.000 |   1.000 |   1.000 |   0.000 |  -1.000 |   1.000 |   0.000 |   0.000 |   0.000 |   0.000 |  -1.000 |   0.000 |   1.000 |   0.000 |   0.000 |   0.000 |
x25   0.000 |   0.000 |   1.000*|   0.000 |   0.000 |   1.000 |   0.000 |   0.000 |   0.000 |  -1.000 |   0.000 |  -1.000 |  -1.000 |   0.000 |  -1.000 |   1.000 |  -1.000 |   0.000 |   0.000 |   0.000 |   0.000 |   0.000 |   0.000 |  -1.000 |   0.000 |   1.000 |   0.000 |   0.000 |
x26   0.000 |   0.000 |   0.000 |   0.000 |   0.000 |   0.000 |   0.000 |   1.000 |   0.000 |  -1.000 |  -1.000 |   0.000 |  -1.000 |   1.000 |   0.000 |   0.000 |   0.000 |   1.000 |   0.000 |   0.000 |   0.000 |   0.000 |   0.000 |  -1.000 |   0.000 |   0.000 |   1.000 |   0.000 |
x27   0.000 |  -1.000 |  -1.000 |   0.000 |   0.000 |   0.000 |   0.000 |   1.000 |   1.000 |  -1.000 |   0.000 |   1.000 |   0.000 |   0.000 |   1.000 |   1.000 |   0.000 |   1.000 |   1.000 |   0.000 |   0.000 |   0.000 |  -1.000 |   0.000 |   0.000 |   0.000 |   0.000 |   1.000 |

Iteração 6
            | x1      | x2      | x3      | x4      | x5      | x6      | x7      | x8      | x9      | x10     | x11     | x12     | x13     | x14     | x15     | x16     | x17     | x18     | x19     | x20     | x21     | x22     | x23     | x24     | x25     | x26     | x27     |
     -2.000 |   2.000 |   0.000 |   0.000 |   0.000 |  -3.000 |   0.000 |  -4.000 |  -3.000 |   1.000 |   3.000 |  -3.000 |   0.000 |  -5.000 |  -3.000 |  -3.000 |   1.000 |  -4.000 |  -2.000 |   0.000 |   0.000 |   0.000 |   3.000 |   3.000 |   0.000 |   1.000 |   0.000 |   0.000 |
-------------------------------------------------------------------------------------------------------------------------------------------------------------------------------------------------------------------------------------------------------------------------------------------
x19   1.000 |   0.000 |   0.000 |   0.000 |   0.000 |   1.000 |   0.000 |   1.000 |   1.000 |   1.000 |   0.000 |   0.000 |   0.000 |   1.000 |   1.000 |   1.000 |   0.000 |   1.000 |   0.000 |   1.000 |   0.000 |   0.000 |   0.000 |   0.000 |   0.000 |   0.000 |   0.000 |   0.000 |
x20   0.000 |  -1.000 |   0.000 |   0.000 |  -1.000 |   0.000 |   0.000 |   0.000 |   0.000 |   0.000 |  -1.000 |   1.000 |   1.000 |   1.000 |   0.000 |   0.000 |  -1.000 |   0.000 |   0.000 |   0.000 |   1.000 |   0.000 |  -1.000 |   0.000 |   0.000 |   0.000 |   0.000 |   0.000 |
x21   1.000 |   1.000 |   0.000 |   0.000 |   1.000 |   1.000 |   0.000 |   1.000 |   1.000 |   1.000 |   0.000 |   1.000 |   0.000 |   1.000 |   1.000 |   0.000 |   2.000 |   0.000 |   1.000 |   0.000 |   0.000 |   1.000 |   1.000 |   0.000 |   0.000 |  -1.000 |   0.000 |   0.000 |
x3    1.000 |   1.000 |   0.000 |   1.000 |   1.000 |   0.000 |   0.000 |   0.000 |   0.000 |   2.000 |   1.000 |   1.000 |   1.000 |   0.000 |   1.000 |  -1.000 |   2.000 |   0.000 |   0.000 |   0.000 |   0.000 |   0.000 |   1.000 |   1.000 |   0.000 |  -1.000 |   0.000 |   0.000 |
x6    0.000 |  -1.000 |   0.000 |   0.000 |  -1.000 |   0.000 |   1.000 |   0.000 |   0.000 |  -1.000 |   0.000 |   0.000 |   0.000 |   0.000 |   0.000 |   1.000 |  -1.000 |   0.000 |   0.000 |   0.000 |   0.000 |   0.000 |  -1.000 |   0.000 |   0.000 |   1.000 |   0.000 |   0.000 |
x24   0.000 |  -1.000 |   0.000 |   0.000 |   0.000 |   0.000 |   0.000 |   0.000 |   0.000 |   0.000 |  -1.000 |   1.000 |   1.000 |   1.000 |   1.000 |   0.000 |  -1.000 |   1.000 |   0.000 |   0.000 |   0.000 |   0.000 |  -1.000 |   0.000 |   1.000 |   0.000 |   0.000 |   0.000 |
x2    0.000 |   0.000 |   1.000 |   0.000 |   0.000 |   1.000*|   0.000 |   0.000 |   0.000 |  -1.000 |   0.000 |  -1.000 |  -1.000 |   0.000 |  -1.000 |   1.000 |  -1.000 |   0.000 |   0.000 |   0.000 |   0.000 |   0.000 |   0.000 |  -1.000 |   0.000 |   1.000 |   0.000 |   0.000 |
x26   0.000 |   0.000 |   0.000 |   0.000 |   0.000 |   0.000 |   0.000 |   1.000 |   0.000 |  -1.000 |  -1.000 |   0.000 |  -1.000 |   1.000 |   0.000 |   0.000 |   0.000 |   1.000 |   0.000 |   0.000 |   0.000 |   0.000 |   0.000 |  -1.000 |   0.000 |   0.000 |   1.000 |   0.000 |
x27   0.000 |  -1.000 |   0.000 |   0.000 |   0.000 |   1.000 |   0.000 |   1.000 |   1.000 |  -2.000 |   0.000 |   0.000 |  -1.000 |   0.000 |   0.000 |   2.000 |  -1.000 |   1.000 |   1.000 |   0.000 |   0.000 |   0.000 |  -1.000 |  -1.000 |   0.000 |   1.000 |   0.000 |   1.000 |

Iteração 7
            | x1      | x2      | x3      | x4      | x5      | x6      | x7      | x8      | x9      | x10     | x11     | x12     | x13     | x14     | x15     | x16     | x17     | x18     | x19     | x20     | x21     | x22     | x23     | x24     | x25     | x26     | x27     |
     -2.000 |   2.000 |   3.000 |   0.000 |   0.000 |   0.000 |   0.000 |  -4.000 |  -3.000 |  -2.000 |   3.000 |  -6.000 |  -3.000 |  -5.000 |  -6.000 |   0.000 |  -2.000 |  -4.000 |  -2.000 |   0.000 |   0.000 |   0.000 |   3.000 |   0.000 |   0.000 |   4.000 |   0.000 |   0.000 |
-------------------------------------------------------------------------------------------------------------------------------------------------------------------------------------------------------------------------------------------------------------------------------------------
x19   1.000 |   0.000 |  -1.000 |   0.000 |   0.000 |   0.000 |   0.000 |   1.000 |   1.000 |   2.000 |   0.000 |   1.000 |   1.000 |   1.000 |   2.000 |   0.000 |   1.000 |   1.000 |   0.000 |   1.000 |   0.000 |   0.000 |   0.000 |   1.000 |   0.000 |  -1.000 |   0.000 |   0.000 |
x20   0.000 |  -1.000 |   0.000 |   0.000 |  -1.000 |   0.000 |   0.000 |   0.000 |   0.000 |   0.000 |  -1.000 |   1.000 |   1.000 |   1.000 |   0.000 |   0.000 |  -1.000 |   0.000 |   0.000 |   0.000 |   1.000 |   0.000 |  -1.000 |   0.000 |   0.000 |   0.000 |   0.000 |   0.000 |
x21   1.000 |   1.000 |  -1.000 |   0.000 |   1.000 |   0.000 |   0.000 |   1.000 |   1.000 |   2.000 |   0.000 |   2.000 |   1.000 |   1.000 |   2.000 |  -1.000 |   3.000 |   0.000 |   1.000 |   0.000 |   0.000 |   1.000 |   1.000 |   1.000 |   0.000 |  -2.000 |   0.000 |   0.000 |
x3    1.000 |   1.000 |   0.000 |   1.000 |   1.000 |   0.000 |   0.000 |   0.000 |   0.000 |   2.000 |   1.000 |   1.000 |   1.000 |   0.000 |   1.000 |  -1.000 |   2.000 |   0.000 |   0.000 |   0.000 |   0.000 |   0.000 |   1.000 |   1.000 |   0.000 |  -1.000 |   0.000 |   0.000 |
x6    0.000 |  -1.000 |   0.000 |   0.000 |  -1.000 |   0.000 |   1.000 |   0.000 |   0.000 |  -1.000 |   0.000 |   0.000 |   0.000 |   0.000 |   0.000 |   1.000 |  -1.000 |   0.000 |   0.000 |   0.000 |   0.000 |   0.000 |  -1.000 |   0.000 |   0.000 |   1.000 |   0.000 |   0.000 |
x24   0.000 |  -1.000 |   0.000 |   0.000 |   0.000 |   0.000 |   0.000 |   0.000 |   0.000 |   0.000 |  -1.000 |   1.000 |   1.000 |   1.000 |   1.000 |   0.000 |  -1.000 |   1.000 |   0.000 |   0.000 |   0.000 |   0.000 |  -1.000 |   0.000 |   1.000 |   0.000 |   0.000 |   0.000 |
x5    0.000 |   0.000 |   1.000 |   0.000 |   0.000 |   1.000 |   0.000 |   0.000 |   0.000 |  -1.000 |   0.000 |  -1.000 |  -1.000 |   0.000 |  -1.000 |   1.000 |  -1.000 |   0.000 |   0.000 |   0.000 |   0.000 |   0.000 |   0.000 |  -1.000 |   0.000 |   1.000 |   0.000 |   0.000 |
x26   0.000 |   0.000 |   0.000 |   0.000 |   0.000 |   0.000 |   0.000 |   1.000*|   0.000 |  -1.000 |  -1.000 |   0.000 |  -1.000 |   1.000 |   0.000 |   0.000 |   0.000 |   1.000 |   0.000 |   0.000 |   0.000 |   0.000 |   0.000 |  -1.000 |   0.000 |   0.000 |   1.000 |   0.000 |
x27   0.000 |  -1.000 |  -1.000 |   0.000 |   0.000 |   0.000 |   0.000 |   1.000 |   1.000 |  -1.000 |   0.000 |   1.000 |   0.000 |   0.000 |   1.000 |   1.000 |   0.000 |   1.000 |   1.000 |   0.000 |   0.000 |   0.000 |  -1.000 |   0.000 |   0.000 |   0.000 |   0.000 |   1.000 |

Iteração 8
            | x1      | x2      | x3      | x4      | x5      | x6      | x7      | x8      | x9      | x10     | x11     | x12     | x13     | x14     | x15     | x16     | x17     | x18     | x19     | x20     | x21     | x22     | x23     | x24     | x25     | x26     | x27     |
     -2.000 |   2.000 |   3.000 |   0.000 |   0.000 |   0.000 |   0.000 |   0.000 |  -3.000 |  -6.000 |  -1.000 |  -6.000 |  -7.000 |  -1.000 |  -6.000 |   0.000 |  -2.000 |   0.000 |  -2.000 |   0.000 |   0.000 |   0.000 |   3.000 |  -4.000 |   0.000 |   4.000 |   4.000 |   0.000 |
-------------------------------------------------------------------------------------------------------------------------------------------------------------------------------------------------------------------------------------------------------------------------------------------
x19   1.000 |   0.000 |  -1.000 |   0.000 |   0.000 |   0.000 |   0.000 |   0.000 |   1.000 |   3.000 |   1.000 |   1.000 |   2.000 |   0.000 |   2.000 |   0.000 |   1.000 |   0.000 |   0.000 |   1.000 |   0.000 |   0.000 |   0.000 |   2.000 |   0.000 |  -1.000 |  -1.000 |   0.000 |
x20   0.000 |  -1.000 |   0.000 |   0.000 |  -1.000 |   0.000 |   0.000 |   0.000 |   0.000 |   0.000 |  -1.000 |   1.000 |   1.000 |   1.000 |   0.000 |   0.000 |  -1.000 |   0.000 |   0.000 |   0.000 |   1.000 |   0.000 |  -1.000 |   0.000 |   0.000 |   0.000 |   0.000 |   0.000 |
x21   1.000 |   1.000 |  -1.000 |   0.000 |   1.000 |   0.000 |   0.000 |   0.000 |   1.000 |   3.000 |   1.000 |   2.000 |   2.000 |   0.000 |   2.000 |  -1.000 |   3.000 |  -1.000 |   1.000 |   0.000 |   0.000 |   1.000 |   1.000 |   2.000 |   0.000 |  -2.000 |  -1.000 |   0.000 |
x3    1.000 |   1.000 |   0.000 |   1.000 |   1.000 |   0.000 |   0.000 |   0.000 |   0.000 |   2.000 |   1.000 |   1.000 |   1.000 |   0.000 |   1.000 |  -1.000 |   2.000 |   0.000 |   0.000 |   0.000 |   0.000 |   0.000 |   1.000 |   1.000 |   0.000 |  -1.000 |   0.000 |   0.000 |
x6    0.000 |  -1.000 |   0.000 |   0.000 |  -1.000 |   0.000 |   1.000 |   0.000 |   0.000 |  -1.000 |   0.000 |   0.000 |   0.000 |   0.000 |   0.000 |   1.000 |  -1.000 |   0.000 |   0.000 |   0.000 |   0.000 |   0.000 |  -1.000 |   0.000 |   0.000 |   1.000 |   0.000 |   0.000 |
x24   0.000 |  -1.000 |   0.000 |   0.000 |   0.000 |   0.000 |   0.000 |   0.000 |   0.000 |   0.000 |  -1.000 |   1.000 |   1.000 |   1.000 |   1.000 |   0.000 |  -1.000 |   1.000 |   0.000 |   0.000 |   0.000 |   0.000 |  -1.000 |   0.000 |   1.000 |   0.000 |   0.000 |   0.000 |
x5    0.000 |   0.000 |   1.000 |   0.000 |   0.000 |   1.000 |   0.000 |   0.000 |   0.000 |  -1.000 |   0.000 |  -1.000 |  -1.000 |   0.000 |  -1.000 |   1.000 |  -1.000 |   0.000 |   0.000 |   0.000 |   0.000 |   0.000 |   0.000 |  -1.000 |   0.000 |   1.000 |   0.000 |   0.000 |
x7    0.000 |   0.000 |   0.000 |   0.000 |   0.000 |   0.000 |   0.000 |   1.000 |   0.000 |  -1.000 |  -1.000 |   0.000 |  -1.000 |   1.000 |   0.000 |   0.000 |   0.000 |   1.000 |   0.000 |   0.000 |   0.000 |   0.000 |   0.000 |  -1.000 |   0.000 |   0.000 |   1.000 |   0.000 |
x27   0.000 |  -1.000 |  -1.000 |   0.000 |   0.000 |   0.000 |   0.000 |   0.000 |   1.000*|   0.000 |   1.000 |   1.000 |   1.000 |  -1.000 |   1.000 |   1.000 |   0.000 |   0.000 |   1.000 |   0.000 |   0.000 |   0.000 |  -1.000 |   1.000 |   0.000 |   0.000 |  -1.000 |   1.000 |

Iteração 9
            | x1      | x2      | x3      | x4      | x5      | x6      | x7      | x8      | x9      | x10     | x11     | x12     | x13     | x14     | x15     | x16     | x17     | x18     | x19     | x20     | x21     | x22     | x23     | x24     | x25     | x26     | x27     |
     -2.000 |  -1.000 |   0.000 |   0.000 |   0.000 |   0.000 |   0.000 |   0.000 |   0.000 |  -6.000 |   2.000 |  -3.000 |  -4.000 |  -4.000 |  -3.000 |   3.000 |  -2.000 |   0.000 |   1.000 |   0.000 |   0.000 |   0.000 |   0.000 |  -1.000 |   0.000 |   4.000 |   1.000 |   3.000 |
-------------------------------------------------------------------------------------------------------------------------------------------------------------------------------------------------------------------------------------------------------------------------------------------
x19   1.000 |   1.000 |   0.000 |   0.000 |   0.000 |   0.000 |   0.000 |   0.000 |   0.000 |   3.000 |   0.000 |   0.000 |   1.000 |   1.000 |   1.000 |  -1.000 |   1.000 |   0.000 |  -1.000 |   1.000 |   0.000 |   0.000 |   1.000 |   1.000 |   0.000 |  -1.000 |   0.000 |  -1.000 |
x20   0.000 |  -1.000 |   0.000 |   0.000 |  -1.000 |   0.000 |   0.000 |   0.000 |   0.000 |   0.000 |  -1.000 |   1.000 |   1.000 |   1.000 |   0.000 |   0.000 |  -1.000 |   0.000 |   0.000 |   0.000 |   1.000 |   0.000 |  -1.000 |   0.000 |   0.000 |   0.000 |   0.000 |   0.000 |
x21   1.000 |   2.000*|   0.000 |   0.000 |   1.000 |   0.000 |   0.000 |   0.000 |   0.000 |   3.000 |   0.000 |   1.000 |   1.000 |   1.000 |   1.000 |  -2.000 |   3.000 |  -1.000 |   0.000 |   0.000 |   0.000 |   1.000 |   2.000 |   1.000 |   0.000 |  -2.000 |   0.000 |  -1.000 |
x3    1.000 |   1.000 |   0.000 |   1.000 |   1.000 |   0.000 |   0.000 |   0.000 |   0.000 |   2.000 |   1.000 |   1.000 |   1.000 |   0.000 |   1.000 |  -1.000 |   2.000 |   0.000 |   0.000 |   0.000 |   0.000 |   0.000 |   1.000 |   1.000 |   0.000 |  -1.000 |   0.000 |   0.000 |
x6    0.000 |  -1.000 |   0.000 |   0.000 |  -1.000 |   0.000 |   1.000 |   0.000 |   0.000 |  -1.000 |   0.000 |   0.000 |   0.000 |   0.000 |   0.000 |   1.000 |  -1.000 |   0.000 |   0.000 |   0.000 |   0.000 |   0.000 |  -1.000 |   0.000 |   0.000 |   1.000 |   0.000 |   0.000 |
x24   0.000 |  -1.000 |   0.000 |   0.000 |   0.000 |   0.000 |   0.000 |   0.000 |   0.000 |   0.000 |  -1.000 |   1.000 |   1.000 |   1.000 |   1.000 |   0.000 |  -1.000 |   1.000 |   0.000 |   0.000 |   0.000 |   0.000 |  -1.000 |   0.000 |   1.000 |   0.000 |   0.000 |   0.000 |
x5    0.000 |   0.000 |   1.000 |   0.000 |   0.000 |   1.000 |   0.000 |   0.000 |   0.000 |  -1.000 |   0.000 |  -1.000 |  -1.000 |   0.000 |  -1.000 |   1.000 |  -1.000 |   0.000 |   0.000 |   0.000 |   0.000 |   0.000 |   0.000 |  -1.000 |   0.000 |   1.000 |   0.000 |   0.000 |
x7    0.000 |   0.000 |   0.000 |   0.000 |   0.000 |   0.000 |   0.000 |   1.000 |   0.000 |  -1.000 |  -1.000 |   0.000 |  -1.000 |   1.000 |   0.000 |   0.000 |   0.000 |   1.000 |   0.000 |   0.000 |   0.000 |   0.000 |   0.000 |  -1.000 |   0.000 |   0.000 |   1.000 |   0.000 |
x8    0.000 |  -1.000 |  -1.000 |   0.000 |   0.000 |   0.000 |   0.000 |   0.000 |   1.000 |   0.000 |   1.000 |   1.000 |   1.000 |  -1.000 |   1.000 |   1.000 |   0.000 |   0.000 |   1.000 |   0.000 |   0.000 |   0.000 |  -1.000 |   1.000 |   0.000 |   0.000 |  -1.000 |   1.000 |

Iteração 10
            | x1      | x2      | x3      | x4      | x5      | x6      | x7      | x8      | x9      | x10     | x11     | x12     | x13     | x14     | x15     | x16     | x17     | x18     | x19     | x20     | x21     | x22     | x23     | x24     | x25     | x26     | x27     |
     -1.500 |   0.000 |   0.000 |   0.000 |   0.500 |   0.000 |   0.000 |   0.000 |   0.000 |  -4.500 |   2.000 |  -2.500 |  -3.500 |  -3.500 |  -2.500 |   2.000 |  -0.500 |  -0.500 |   1.000 |   0.000 |   0.000 |   0.500 |   1.000 |  -0.500 |   0.000 |   3.000 |   1.000 |   2.500 |
-------------------------------------------------------------------------------------------------------------------------------------------------------------------------------------------------------------------------------------------------------------------------------------------
x19   0.500 |   0.000 |   0.000 |   0.000 |  -0.500 |   0.000 |   0.000 |   0.000 |   0.000 |   1.500 |   0.000 |  -0.500 |   0.500 |   0.500 |   0.500 |   0.000 |  -0.500 |   0.500 |  -1.000 |   1.000 |   0.000 |  -0.500 |   0.000 |   0.500 |   0.000 |   0.000 |   0.000 |  -0.500 |
x20   0.500 |   0.000 |   0.000 |   0.000 |  -0.500 |   0.000 |   0.000 |   0.000 |   0.000 |   1.500 |  -1.000 |   1.500 |   1.500 |   1.500 |   0.500 |  -1.000 |   0.500 |  -0.500 |   0.000 |   0.000 |   1.000 |   0.500 |   0.000 |   0.500 |   0.000 |  -1.000 |   0.000 |  -0.500 |
x1    0.500 |   1.000 |   0.000 |   0.000 |   0.500 |   0.000 |   0.000 |   0.000 |   0.000 |   1.500*|   0.000 |   0.500 |   0.500 |   0.500 |   0.500 |  -1.000 |   1.500 |  -0.500 |   0.000 |   0.000 |   0.000 |   0.500 |   1.000 |   0.500 |   0.000 |  -1.000 |   0.000 |  -0.500 |
x3    0.500 |   0.000 |   0.000 |   1.000 |   0.500 |   0.000 |   0.000 |   0.000 |   0.000 |   0.500 |   1.000 |   0.500 |   0.500 |  -0.500 |   0.500 |   0.000 |   0.500 |   0.500 |   0.000 |   0.000 |   0.000 |  -0.500 |   0.000 |   0.500 |   0.000 |   0.000 |   0.000 |   0.500 |
x6    0.500 |   0.000 |   0.000 |   0.000 |  -0.500 |   0.000 |   1.000 |   0.000 |   0.000 |   0.500 |   0.000 |   0.500 |   0.500 |   0.500 |   0.500 |   0.000 |   0.500 |  -0.500 |   0.000 |   0.000 |   0.000 |   0.500 |   0.000 |   0.500 |   0.000 |   0.000 |   0.000 |  -0.500 |
x24   0.500 |   0.000 |   0.000 |   0.000 |   0.500 |   0.000 |   0.000 |   0.000 |   0.000 |   1.500 |  -1.000 |   1.500 |   1.500 |   1.500 |   1.500 |  -1.000 |   0.500 |   0.500 |   0.000 |   0.000 |   0.000 |   0.500 |   0.000 |   0.500 |   1.000 |  -1.000 |   0.000 |  -0.500 |
x5    0.000 |   0.000 |   1.000 |   0.000 |   0.000 |   1.000 |   0.000 |   0.000 |   0.000 |  -1.000 |   0.000 |  -1.000 |  -1.000 |   0.000 |  -1.000 |   1.000 |  -1.000 |   0.000 |   0.000 |   0.000 |   0.000 |   0.000 |   0.000 |  -1.000 |   0.000 |   1.000 |   0.000 |   0.000 |
x7    0.000 |   0.000 |   0.000 |   0.000 |   0.000 |   0.000 |   0.000 |   1.000 |   0.000 |  -1.000 |  -1.000 |   0.000 |  -1.000 |   1.000 |   0.000 |   0.000 |   0.000 |   1.000 |   0.000 |   0.000 |   0.000 |   0.000 |   0.000 |  -1.000 |   0.000 |   0.000 |   1.000 |   0.000 |
x8    0.500 |   0.000 |  -1.000 |   0.000 |   0.500 |   0.000 |   0.000 |   0.000 |   1.000 |   1.500 |   1.000 |   1.500 |   1.500 |  -0.500 |   1.500 |   0.000 |   1.500 |  -0.500 |   1.000 |   0.000 |   0.000 |   0.500 |   0.000 |   1.500 |   0.000 |  -1.000 |  -1.000 |   0.500 |

Iteração 11
            | x1      | x2      | x3      | x4      | x5      | x6      | x7      | x8      | x9      | x10     | x11     | x12     | x13     | x14     | x15     | x16     | x17     | x18     | x19     | x20     | x21     | x22     | x23     | x24     | x25     | x26     | x27     |
      0.000 |   3.000 |   0.000 |   0.000 |   2.000 |   0.000 |   0.000 |   0.000 |   0.000 |   0.000 |   2.000 |  -1.000 |  -2.000 |  -2.000 |  -1.000 |  -1.000 |   4.000 |  -2.000 |   1.000 |   0.000 |   0.000 |   2.000 |   4.000 |   1.000 |   0.000 |   0.000 |   1.000 |   1.000 |
-------------------------------------------------------------------------------------------------------------------------------------------------------------------------------------------------------------------------------------------------------------------------------------------
x19   0.000 |  -1.000 |   0.000 |   0.000 |  -1.000 |   0.000 |   0.000 |   0.000 |   0.000 |   0.000 |   0.000 |  -1.000 |   0.000 |   0.000 |   0.000 |   1.000 |  -2.000 |   1.000 |  -1.000 |   1.000 |   0.000 |  -1.000 |  -1.000 |   0.000 |   0.000 |   1.000 |   0.000 |   0.000 |
x20   0.000 |  -1.000 |   0.000 |   0.000 |  -1.000 |   0.000 |   0.000 |   0.000 |   0.000 |   0.000 |  -1.000 |   1.000 |   1.000 |   1.000 |   0.000 |   0.000 |  -1.000 |   0.000 |   0.000 |   0.000 |   1.000 |   0.000 |  -1.000 |   0.000 |   0.000 |   0.000 |   0.000 |   0.000 |
x9    0.333 |   0.667 |   0.000 |   0.000 |   0.333 |   0.000 |   0.000 |   0.000 |   0.000 |   1.000 |   0.000 |   0.333 |   0.333 |   0.333 |   0.333 |  -0.667 |   1.000 |  -0.333 |   0.000 |   0.000 |   0.000 |   0.333 |   0.667 |   0.333 |   0.000 |  -0.667 |   0.000 |  -0.333 |
x3    0.333 |  -0.333 |   0.000 |   1.000 |   0.333 |   0.000 |   0.000 |   0.000 |   0.000 |   0.000 |   1.000 |   0.333 |   0.333 |  -0.667 |   0.333 |   0.333 |   0.000 |   0.667 |   0.000 |   0.000 |   0.000 |  -0.667 |  -0.333 |   0.333 |   0.000 |   0.333 |   0.000 |   0.667 |
x6    0.333 |  -0.333 |   0.000 |   0.000 |  -0.667 |   0.000 |   1.000 |   0.000 |   0.000 |   0.000 |   0.000 |   0.333 |   0.333 |   0.333 |   0.333 |   0.333 |   0.000 |  -0.333 |   0.000 |   0.000 |   0.000 |   0.333 |  -0.333 |   0.333 |   0.000 |   0.333 |   0.000 |  -0.333 |
x24   0.000 |  -1.000 |   0.000 |   0.000 |   0.000 |   0.000 |   0.000 |   0.000 |   0.000 |   0.000 |  -1.000 |   1.000 |   1.000 |   1.000 |   1.000 |   0.000 |  -1.000 |   1.000 |   0.000 |   0.000 |   0.000 |   0.000 |  -1.000 |   0.000 |   1.000 |   0.000 |   0.000 |   0.000 |
x5    0.333 |   0.667 |   1.000 |   0.000 |   0.333 |   1.000 |   0.000 |   0.000 |   0.000 |   0.000 |   0.000 |  -0.667 |  -0.667 |   0.333 |  -0.667 |   0.333 |   0.000 |  -0.333 |   0.000 |   0.000 |   0.000 |   0.333 |   0.667 |  -0.667 |   0.000 |   0.333 |   0.000 |  -0.333 |
x7    0.333 |   0.667 |   0.000 |   0.000 |   0.333 |   0.000 |   0.000 |   1.000 |   0.000 |   0.000 |  -1.000 |   0.333 |  -0.667 |   1.333 |   0.333 |  -0.667 |   1.000 |   0.667 |   0.000 |   0.000 |   0.000 |   0.333 |   0.667 |  -0.667 |   0.000 |  -0.667 |   1.000 |  -0.333 |
x8    0.000 |  -1.000 |  -1.000 |   0.000 |   0.000 |   0.000 |   0.000 |   0.000 |   1.000 |   0.000 |   1.000 |   1.000*|   1.000 |  -1.000 |   1.000 |   1.000 |   0.000 |   0.000 |   1.000 |   0.000 |   0.000 |   0.000 |  -1.000 |   1.000 |   0.000 |   0.000 |  -1.000 |   1.000 |

Iteração 12
            | x1      | x2      | x3      | x4      | x5      | x6      | x7      | x8      | x9      | x10     | x11     | x12     | x13     | x14     | x15     | x16     | x17     | x18     | x19     | x20     | x21     | x22     | x23     | x24     | x25     | x26     | x27     |
      0.000 |   2.000 |  -1.000 |   0.000 |   2.000 |   0.000 |   0.000 |   0.000 |   1.000 |   0.000 |   3.000 |   0.000 |  -1.000 |  -3.000 |   0.000 |   0.000 |   4.000 |  -2.000 |   2.000 |   0.000 |   0.000 |   2.000 |   3.000 |   2.000 |   0.000 |   0.000 |   0.000 |   2.000 |
-------------------------------------------------------------------------------------------------------------------------------------------------------------------------------------------------------------------------------------------------------------------------------------------
x19   0.000 |  -2.000 |  -1.000 |   0.000 |  -1.000 |   0.000 |   0.000 |   0.000 |   1.000 |   0.000 |   1.000 |   0.000 |   1.000 |  -1.000 |   1.000 |   2.000 |  -2.000 |   1.000 |   0.000 |   1.000 |   0.000 |  -1.000 |  -2.000 |   1.000 |   0.000 |   1.000 |  -1.000 |   1.000 |
x20   0.000 |   0.000 |   1.000*|   0.000 |  -1.000 |   0.000 |   0.000 |   0.000 |  -1.000 |   0.000 |  -2.000 |   0.000 |   0.000 |   2.000 |  -1.000 |  -1.000 |  -1.000 |   0.000 |  -1.000 |   0.000 |   1.000 |   0.000 |   0.000 |  -1.000 |   0.000 |   0.000 |   1.000 |  -1.000 |
x9    0.333 |   1.000 |   0.333 |   0.000 |   0.333 |   0.000 |   0.000 |   0.000 |  -0.333 |   1.000 |  -0.333 |   0.000 |   0.000 |   0.667 |   0.000 |  -1.000 |   1.000 |  -0.333 |  -0.333 |   0.000 |   0.000 |   0.333 |   1.000 |   0.000 |   0.000 |  -0.667 |   0.333 |  -0.667 |
x3    0.333 |   0.000 |   0.333 |   1.000 |   0.333 |   0.000 |   0.000 |   0.000 |  -0.333 |   0.000 |   0.667 |   0.000 |   0.000 |  -0.333 |   0.000 |  -0.000 |   0.000 |   0.667 |  -0.333 |   0.000 |   0.000 |  -0.667 |   0.000 |   0.000 |   0.000 |   0.333 |   0.333 |   0.333 |
x6    0.333 |   0.000 |   0.333 |   0.000 |  -0.667 |   0.000 |   1.000 |   0.000 |  -0.333 |   0.000 |  -0.333 |   0.000 |   0.000 |   0.667 |   0.000 |  -0.000 |   0.000 |  -0.333 |  -0.333 |   0.000 |   0.000 |   0.333 |   0.000 |   0.000 |   0.000 |   0.333 |   0.333 |  -0.667 |
x24   0.000 |   0.000 |   1.000 |   0.000 |   0.000 |   0.000 |   0.000 |   0.000 |  -1.000 |   0.000 |  -2.000 |   0.000 |   0.000 |   2.000 |   0.000 |  -1.000 |  -1.000 |   1.000 |  -1.000 |   0.000 |   0.000 |   0.000 |   0.000 |  -1.000 |   1.000 |   0.000 |   1.000 |  -1.000 |
x5    0.333 |  -0.000 |   0.333 |   0.000 |   0.333 |   1.000 |   0.000 |   0.000 |   0.667 |   0.000 |   0.667 |   0.000 |   0.000 |  -0.333 |   0.000 |   1.000 |   0.000 |  -0.333 |   0.667 |   0.000 |   0.000 |   0.333 |  -0.000 |   0.000 |   0.000 |   0.333 |  -0.667 |   0.333 |
x7    0.333 |   1.000 |   0.333 |   0.000 |   0.333 |   0.000 |   0.000 |   1.000 |  -0.333 |   0.000 |  -1.333 |   0.000 |  -1.000 |   1.667 |   0.000 |  -1.000 |   1.000 |   0.667 |  -0.333 |   0.000 |   0.000 |   0.333 |   1.000 |  -1.000 |   0.000 |  -0.667 |   1.333 |  -0.667 |
x11   0.000 |  -1.000 |  -1.000 |   0.000 |   0.000 |   0.000 |   0.000 |   0.000 |   1.000 |   0.000 |   1.000 |   1.000 |   1.000 |  -1.000 |   1.000 |   1.000 |   0.000 |   0.000 |   1.000 |   0.000 |   0.000 |   0.000 |  -1.000 |   1.000 |   0.000 |   0.000 |  -1.000 |   1.000 |

Iteração 13
            | x1      | x2      | x3      | x4      | x5      | x6      | x7      | x8      | x9      | x10     | x11     | x12     | x13     | x14     | x15     | x16     | x17     | x18     | x19     | x20     | x21     | x22     | x23     | x24     | x25     | x26     | x27     |
      0.000 |   2.000 |   0.000 |   0.000 |   1.000 |   0.000 |   0.000 |   0.000 |   0.000 |   0.000 |   1.000 |   0.000 |  -1.000 |  -1.000 |  -1.000 |  -1.000 |   3.000 |  -2.000 |   1.000 |   0.000 |   1.000 |   2.000 |   3.000 |   1.000 |   0.000 |   0.000 |   1.000 |   1.000 |
-------------------------------------------------------------------------------------------------------------------------------------------------------------------------------------------------------------------------------------------------------------------------------------------
x19   0.000 |  -2.000 |   0.000 |   0.000 |  -2.000 |   0.000 |   0.000 |   0.000 |   0.000 |   0.000 |  -1.000 |   0.000 |   1.000 |   1.000 |   0.000 |   1.000 |  -3.000 |   1.000 |  -1.000 |   1.000 |   1.000 |  -1.000 |  -2.000 |   0.000 |   0.000 |   1.000 |   0.000 |   0.000 |
x2    0.000 |   0.000 |   1.000 |   0.000 |  -1.000 |   0.000 |   0.000 |   0.000 |  -1.000 |   0.000 |  -2.000 |   0.000 |   0.000 |   2.000 |  -1.000 |  -1.000 |  -1.000 |   0.000 |  -1.000 |   0.000 |   1.000 |   0.000 |   0.000 |  -1.000 |   0.000 |   0.000 |   1.000 |  -1.000 |
x9    0.333 |   1.000 |   0.000 |   0.000 |   0.667 |   0.000 |   0.000 |   0.000 |   0.000 |   1.000 |   0.333 |   0.000 |   0.000 |   0.000 |   0.333 |  -0.667 |   1.333 |  -0.333 |   0.000 |   0.000 |  -0.333 |   0.333 |   1.000 |   0.333 |   0.000 |  -0.667 |   0.000 |  -0.333 |
x3    0.333 |   0.000 |   0.000 |   1.000 |   0.667 |   0.000 |   0.000 |   0.000 |   0.000 |   0.000 |   1.333 |   0.000 |   0.000 |  -1.000 |   0.333 |   0.333 |   0.333 |   0.667 |   0.000 |   0.000 |  -0.333 |  -0.667 |   0.000 |   0.333 |   0.000 |   0.333 |   0.000 |   0.667 |
x6    0.333 |   0.000 |   0.000 |   0.000 |  -0.333 |   0.000 |   1.000 |   0.000 |   0.000 |   0.000 |   0.333 |   0.000 |   0.000 |   0.000 |   0.333 |   0.333 |   0.333 |  -0.333 |   0.000 |   0.000 |  -0.333 |   0.333 |   0.000 |   0.333 |   0.000 |   0.333 |   0.000 |  -0.333 |
x24   0.000 |   0.000 |   0.000 |   0.000 |   1.000 |   0.000 |   0.000 |   0.000 |   0.000 |   0.000 |   0.000 |   0.000 |   0.000 |   0.000 |   1.000 |   0.000 |   0.000 |   1.000 |   0.000 |   0.000 |  -1.000 |   0.000 |   0.000 |   0.000 |   1.000 |   0.000 |   0.000 |   0.000 |
x5    0.333 |  -0.000 |   0.000 |   0.000 |   0.667 |   1.000 |   0.000 |   0.000 |   1.000 |   0.000 |   1.333 |   0.000 |   0.000 |  -1.000 |   0.333 |   1.333 |   0.333 |  -0.333 |   1.000 |   0.000 |  -0.333 |   0.333 |  -0.000 |   0.333 |   0.000 |   0.333 |  -1.000 |   0.667 |
x7    0.333 |   1.000 |   0.000 |   0.000 |   0.667 |   0.000 |   0.000 |   1.000 |   0.000 |   0.000 |  -0.667 |   0.000 |  -1.000 |   1.000 |   0.333 |  -0.667 |   1.333 |   0.667 |   0.000 |   0.000 |  -0.333 |   0.333 |   1.000 |  -0.667 |   0.000 |  -0.667 |   1.000 |  -0.333 |
x11   0.000 |  -1.000 |   0.000 |   0.000 |  -1.000 |   0.000 |   0.000 |   0.000 |   0.000 |   0.000 |  -1.000 |   1.000 |   1.000*|   1.000 |   0.000 |   0.000 |  -1.000 |   0.000 |   0.000 |   0.000 |   1.000 |   0.000 |  -1.000 |   0.000 |   0.000 |   0.000 |   0.000 |   0.000 |

Iteração 14
            | x1      | x2      | x3      | x4      | x5      | x6      | x7      | x8      | x9      | x10     | x11     | x12     | x13     | x14     | x15     | x16     | x17     | x18     | x19     | x20     | x21     | x22     | x23     | x24     | x25     | x26     | x27     |
      0.000 |   1.000 |   0.000 |   0.000 |   0.000 |   0.000 |   0.000 |   0.000 |   0.000 |   0.000 |   0.000 |   1.000 |   0.000 |   0.000 |  -1.000 |  -1.000 |   2.000 |  -2.000 |   1.000 |   0.000 |   2.000 |   2.000 |   2.000 |   1.000 |   0.000 |   0.000 |   1.000 |   1.000 |
-------------------------------------------------------------------------------------------------------------------------------------------------------------------------------------------------------------------------------------------------------------------------------------------
x19   0.000 |  -1.000 |   0.000 |   0.000 |  -1.000 |   0.000 |   0.000 |   0.000 |   0.000 |   0.000 |   0.000 |  -1.000 |   0.000 |   0.000 |   0.000 |   1.000 |  -2.000 |   1.000 |  -1.000 |   1.000 |   0.000 |  -1.000 |  -1.000 |   0.000 |   0.000 |   1.000 |   0.000 |   0.000 |
x2    0.000 |   0.000 |   1.000 |   0.000 |  -1.000 |   0.000 |   0.000 |   0.000 |  -1.000 |   0.000 |  -2.000 |   0.000 |   0.000 |   2.000 |  -1.000 |  -1.000 |  -1.000 |   0.000 |  -1.000 |   0.000 |   1.000 |   0.000 |   0.000 |  -1.000 |   0.000 |   0.000 |   1.000 |  -1.000 |
x9    0.333 |   1.000 |   0.000 |   0.000 |   0.667 |   0.000 |   0.000 |   0.000 |   0.000 |   1.000 |   0.333 |   0.000 |   0.000 |   0.000 |   0.333 |  -0.667 |   1.333 |  -0.333 |   0.000 |   0.000 |  -0.333 |   0.333 |   1.000 |   0.333 |   0.000 |  -0.667 |   0.000 |  -0.333 |
x3    0.333 |   0.000 |   0.000 |   1.000 |   0.667 |   0.000 |   0.000 |   0.000 |   0.000 |   0.000 |   1.333 |   0.000 |   0.000 |  -1.000 |   0.333 |   0.333 |   0.333 |   0.667 |   0.000 |   0.000 |  -0.333 |  -0.667 |   0.000 |   0.333 |   0.000 |   0.333 |   0.000 |   0.667 |
x6    0.333 |   0.000 |   0.000 |   0.000 |  -0.333 |   0.000 |   1.000 |   0.000 |   0.000 |   0.000 |   0.333 |   0.000 |   0.000 |   0.000 |   0.333 |   0.333 |   0.333 |  -0.333 |   0.000 |   0.000 |  -0.333 |   0.333 |   0.000 |   0.333 |   0.000 |   0.333 |   0.000 |  -0.333 |
x24   0.000 |   0.000 |   0.000 |   0.000 |   1.000 |   0.000 |   0.000 |   0.000 |   0.000 |   0.000 |   0.000 |   0.000 |   0.000 |   0.000 |   1.000*|   0.000 |   0.000 |   1.000 |   0.000 |   0.000 |  -1.000 |   0.000 |   0.000 |   0.000 |   1.000 |   0.000 |   0.000 |   0.000 |
x5    0.333 |  -0.000 |   0.000 |   0.000 |   0.667 |   1.000 |   0.000 |   0.000 |   1.000 |   0.000 |   1.333 |   0.000 |   0.000 |  -1.000 |   0.333 |   1.333 |   0.333 |  -0.333 |   1.000 |   0.000 |  -0.333 |   0.333 |  -0.000 |   0.333 |   0.000 |   0.333 |  -1.000 |   0.667 |
x7    0.333 |   0.000 |   0.000 |   0.000 |  -0.333 |   0.000 |   0.000 |   1.000 |   0.000 |   0.000 |  -1.667 |   1.000 |   0.000 |   2.000 |   0.333 |  -0.667 |   0.333 |   0.667 |   0.000 |   0.000 |   0.667 |   0.333 |   0.000 |  -0.667 |   0.000 |  -0.667 |   1.000 |  -0.333 |
x12   0.000 |  -1.000 |   0.000 |   0.000 |  -1.000 |   0.000 |   0.000 |   0.000 |   0.000 |   0.000 |  -1.000 |   1.000 |   1.000 |   1.000 |   0.000 |   0.000 |  -1.000 |   0.000 |   0.000 |   0.000 |   1.000 |   0.000 |  -1.000 |   0.000 |   0.000 |   0.000 |   0.000 |   0.000 |

Iteração 15
            | x1      | x2      | x3      | x4      | x5      | x6      | x7      | x8      | x9      | x10     | x11     | x12     | x13     | x14     | x15     | x16     | x17     | x18     | x19     | x20     | x21     | x22     | x23     | x24     | x25     | x26     | x27     |
      0.000 |   1.000 |   0.000 |   0.000 |   1.000 |   0.000 |   0.000 |   0.000 |   0.000 |   0.000 |   0.000 |   1.000 |   0.000 |   0.000 |   0.000 |  -1.000 |   2.000 |  -1.000 |   1.000 |   0.000 |   1.000 |   2.000 |   2.000 |   1.000 |   1.000 |   0.000 |   1.000 |   1.000 |
-------------------------------------------------------------------------------------------------------------------------------------------------------------------------------------------------------------------------------------------------------------------------------------------
x19   0.000 |  -1.000 |   0.000 |   0.000 |  -1.000 |   0.000 |   0.000 |   0.000 |   0.000 |   0.000 |   0.000 |  -1.000 |   0.000 |   0.000 |   0.000 |   1.000*|  -2.000 |   1.000 |  -1.000 |   1.000 |   0.000 |  -1.000 |  -1.000 |   0.000 |   0.000 |   1.000 |   0.000 |   0.000 |
x2    0.000 |   0.000 |   1.000 |   0.000 |   0.000 |   0.000 |   0.000 |   0.000 |  -1.000 |   0.000 |  -2.000 |   0.000 |   0.000 |   2.000 |   0.000 |  -1.000 |  -1.000 |   1.000 |  -1.000 |   0.000 |   0.000 |   0.000 |   0.000 |  -1.000 |   1.000 |   0.000 |   1.000 |  -1.000 |
x9    0.333 |   1.000 |   0.000 |   0.000 |   0.333 |   0.000 |   0.000 |   0.000 |   0.000 |   1.000 |   0.333 |   0.000 |   0.000 |   0.000 |   0.000 |  -0.667 |   1.333 |  -0.667 |   0.000 |   0.000 |   0.000 |   0.333 |   1.000 |   0.333 |  -0.333 |  -0.667 |   0.000 |  -0.333 |
x3    0.333 |   0.000 |   0.000 |   1.000 |   0.333 |   0.000 |   0.000 |   0.000 |   0.000 |   0.000 |   1.333 |   0.000 |   0.000 |  -1.000 |   0.000 |   0.333 |   0.333 |   0.333 |   0.000 |   0.000 |   0.000 |  -0.667 |   0.000 |   0.333 |  -0.333 |   0.333 |   0.000 |   0.667 |
x6    0.333 |   0.000 |   0.000 |   0.000 |  -0.667 |   0.000 |   1.000 |   0.000 |   0.000 |   0.000 |   0.333 |   0.000 |   0.000 |   0.000 |   0.000 |   0.333 |   0.333 |  -0.667 |   0.000 |   0.000 |   0.000 |   0.333 |   0.000 |   0.333 |  -0.333 |   0.333 |   0.000 |  -0.333 |
x14   0.000 |   0.000 |   0.000 |   0.000 |   1.000 |   0.000 |   0.000 |   0.000 |   0.000 |   0.000 |   0.000 |   0.000 |   0.000 |   0.000 |   1.000 |   0.000 |   0.000 |   1.000 |   0.000 |   0.000 |  -1.000 |   0.000 |   0.000 |   0.000 |   1.000 |   0.000 |   0.000 |   0.000 |
x5    0.333 |  -0.000 |   0.000 |   0.000 |   0.333 |   1.000 |   0.000 |   0.000 |   1.000 |   0.000 |   1.333 |   0.000 |   0.000 |  -1.000 |   0.000 |   1.333 |   0.333 |  -0.667 |   1.000 |   0.000 |   0.000 |   0.333 |  -0.000 |   0.333 |  -0.333 |   0.333 |  -1.000 |   0.667 |
x7    0.333 |   0.000 |   0.000 |   0.000 |  -0.667 |   0.000 |   0.000 |   1.000 |   0.000 |   0.000 |  -1.667 |   1.000 |   0.000 |   2.000 |   0.000 |  -0.667 |   0.333 |   0.333 |   0.000 |   0.000 |   1.000 |   0.333 |   0.000 |  -0.667 |  -0.333 |  -0.667 |   1.000 |  -0.333 |
x12   0.000 |  -1.000 |   0.000 |   0.000 |  -1.000 |   0.000 |   0.000 |   0.000 |   0.000 |   0.000 |  -1.000 |   1.000 |   1.000 |   1.000 |   0.000 |   0.000 |  -1.000 |   0.000 |   0.000 |   0.000 |   1.000 |   0.000 |  -1.000 |   0.000 |   0.000 |   0.000 |   0.000 |   0.000 |

Iteração 16
            | x1      | x2      | x3      | x4      | x5      | x6      | x7      | x8      | x9      | x10     | x11     | x12     | x13     | x14     | x15     | x16     | x17     | x18     | x19     | x20     | x21     | x22     | x23     | x24     | x25     | x26     | x27     |
      0.000 |   0.000 |   0.000 |   0.000 |   0.000 |   0.000 |   0.000 |   0.000 |   0.000 |   0.000 |   0.000 |   0.000 |   0.000 |   0.000 |   0.000 |   0.000 |   0.000 |   0.000 |   0.000 |   1.000 |   1.000 |   1.000 |   1.000 |   1.000 |   1.000 |   1.000 |   1.000 |   1.000 |
-------------------------------------------------------------------------------------------------------------------------------------------------------------------------------------------------------------------------------------------------------------------------------------------
x15   0.000 |  -1.000 |   0.000 |   0.000 |  -1.000 |   0.000 |   0.000 |   0.000 |   0.000 |   0.000 |   0.000 |  -1.000 |   0.000 |   0.000 |   0.000 |   1.000 |  -2.000 |   1.000 |  -1.000 |   1.000 |   0.000 |  -1.000 |  -1.000 |   0.000 |   0.000 |   1.000 |   0.000 |   0.000 |
x2    0.000 |  -1.000 |   1.000 |   0.000 |  -1.000 |   0.000 |   0.000 |   0.000 |  -1.000 |   0.000 |  -2.000 |  -1.000 |   0.000 |   2.000 |   0.000 |   0.000 |  -3.000 |   2.000 |  -2.000 |   1.000 |   0.000 |  -1.000 |  -1.000 |  -1.000 |   1.000 |   1.000 |   1.000 |  -1.000 |
x9    0.333 |   0.333 |   0.000 |   0.000 |  -0.333 |   0.000 |   0.000 |   0.000 |   0.000 |   1.000 |   0.333 |  -0.667 |   0.000 |   0.000 |   0.000 |   0.000 |  -0.000 |   0.000 |  -0.667 |   0.667 |   0.000 |  -0.333 |   0.333 |   0.333 |  -0.333 |   0.000 |   0.000 |  -0.333 |
x3    0.333 |   0.333 |   0.000 |   1.000 |   0.667 |   0.000 |   0.000 |   0.000 |   0.000 |   0.000 |   1.333 |   0.333 |   0.000 |  -1.000 |   0.000 |   0.000 |   1.000 |  -0.000 |   0.333 |  -0.333 |   0.000 |  -0.333 |   0.333 |   0.333 |  -0.333 |   0.000 |   0.000 |   0.667 |
x6    0.333 |   0.333 |   0.000 |   0.000 |  -0.333 |   0.000 |   1.000 |   0.000 |   0.000 |   0.000 |   0.333 |   0.333 |   0.000 |   0.000 |   0.000 |   0.000 |   1.000 |  -1.000 |   0.333 |  -0.333 |   0.000 |   0.667 |   0.333 |   0.333 |  -0.333 |   0.000 |   0.000 |  -0.333 |
x14   0.000 |   0.000 |   0.000 |   0.000 |   1.000 |   0.000 |   0.000 |   0.000 |   0.000 |   0.000 |   0.000 |   0.000 |   0.000 |   0.000 |   1.000 |   0.000 |   0.000 |   1.000 |   0.000 |   0.000 |  -1.000 |   0.000 |   0.000 |   0.000 |   1.000 |   0.000 |   0.000 |   0.000 |
x5    0.333 |   1.333 |   0.000 |   0.000 |   1.667 |   1.000 |   0.000 |   0.000 |   1.000 |   0.000 |   1.333 |   1.333 |   0.000 |  -1.000 |   0.000 |   0.000 |   3.000 |  -2.000 |   2.333 |  -1.333 |   0.000 |   1.667 |   1.333 |   0.333 |  -0.333 |  -1.000 |  -1.000 |   0.667 |
x7    0.333 |  -0.667 |   0.000 |   0.000 |  -1.333 |   0.000 |   0.000 |   1.000 |   0.000 |   0.000 |  -1.667 |   0.333 |   0.000 |   2.000 |   0.000 |   0.000 |  -1.000 |   1.000 |  -0.667 |   0.667 |   1.000 |  -0.333 |  -0.667 |  -0.667 |  -0.333 |   0.000 |   1.000 |  -0.333 |
x12   0.000 |  -1.000 |   0.000 |   0.000 |  -1.000 |   0.000 |   0.000 |   0.000 |   0.000 |   0.000 |  -1.000 |   1.000 |   1.000 |   1.000 |   0.000 |   0.000 |  -1.000 |   0.000 |   0.000 |   0.000 |   1.000 |   0.000 |  -1.000 |   0.000 |   0.000 |   0.000 |   0.000 |   0.000 |

Iteração 17
            | x1      | x2      | x3      | x4      | x5      | x6      | x7      | x8      | x9      | x10     | x11     | x12     | x13     | x14     | x15     | x16     | x17     | x18     |
      0.000 |   0.000 |   0.000 |   0.000 |   0.000 |   0.000 |   0.000 |   0.000 |   0.000 |   0.000 |   0.000 |   0.000 |   0.000 |   0.000 |   0.000 |   0.000 |   0.000 |   0.000 |   0.000 |
-------------------------------------------------------------------------------------------------------------------------------------------------------------------------------------------------
x15   0.000 |  -1.000 |   0.000 |   0.000 |  -1.000 |   0.000 |   0.000 |   0.000 |   0.000 |   0.000 |   0.000 |  -1.000 |   0.000 |   0.000 |   0.000 |   1.000 |  -2.000 |   1.000 |  -1.000 |
x2    0.000 |  -1.000 |   1.000 |   0.000 |  -1.000 |   0.000 |   0.000 |   0.000 |  -1.000 |   0.000 |  -2.000 |  -1.000 |   0.000 |   2.000 |   0.000 |   0.000 |  -3.000 |   2.000 |  -2.000 |
x9    0.333 |   0.333 |   0.000 |   0.000 |  -0.333 |   0.000 |   0.000 |   0.000 |   0.000 |   1.000 |   0.333 |  -0.667 |   0.000 |   0.000 |   0.000 |   0.000 |  -0.000 |   0.000 |  -0.667 |
x3    0.333 |   0.333 |   0.000 |   1.000 |   0.667 |   0.000 |   0.000 |   0.000 |   0.000 |   0.000 |   1.333 |   0.333 |   0.000 |  -1.000 |   0.000 |   0.000 |   1.000 |  -0.000 |   0.333 |
x6    0.333 |   0.333 |   0.000 |   0.000 |  -0.333 |   0.000 |   1.000 |   0.000 |   0.000 |   0.000 |   0.333 |   0.333 |   0.000 |   0.000 |   0.000 |   0.000 |   1.000 |  -1.000 |   0.333 |
x14   0.000 |   0.000 |   0.000 |   0.000 |   1.000 |   0.000 |   0.000 |   0.000 |   0.000 |   0.000 |   0.000 |   0.000 |   0.000 |   0.000 |   1.000 |   0.000 |   0.000 |   1.000 |   0.000 |
x5    0.333 |   1.333 |   0.000 |   0.000 |   1.667 |   1.000 |   0.000 |   0.000 |   1.000 |   0.000 |   1.333 |   1.333 |   0.000 |  -1.000 |   0.000 |   0.000 |   3.000 |  -2.000 |   2.333 |
x7    0.333 |  -0.667 |   0.000 |   0.000 |  -1.333 |   0.000 |   0.000 |   1.000 |   0.000 |   0.000 |  -1.667 |   0.333 |   0.000 |   2.000 |   0.000 |   0.000 |  -1.000 |   1.000 |  -0.667 |
x12   0.000 |  -1.000 |   0.000 |   0.000 |  -1.000 |   0.000 |   0.000 |   0.000 |   0.000 |   0.000 |  -1.000 |   1.000 |   1.000 |   1.000 |   0.000 |   0.000 |  -1.000 |   0.000 |   0.000 |

Simplex: Fase 2

Iteração 1
            | x1      | x2      | x3      | x4      | x5      | x6      | x7      | x8      | x9      | x10     | x11     | x12     | x13     | x14     | x15     | x16     | x17     | x18     |
     -1.149 |   1.288 |   0.000 |   0.000 |   1.371 |   0.000 |   0.000 |   0.000 |   0.253 |   0.000 |   1.320 |  -0.744 |   0.000 |  -2.173 |   0.000 |   0.000 |   0.795 |  -1.127 |   0.733 |
-------------------------------------------------------------------------------------------------------------------------------------------------------------------------------------------------
x15   0.000 |  -1.000 |   0.000 |   0.000 |  -1.000 |   0.000 |   0.000 |   0.000 |   0.000 |   0.000 |   0.000 |  -1.000 |   0.000 |   0.000 |   0.000 |   1.000 |  -2.000 |   1.000 |  -1.000 |
x2    0.000 |  -1.000 |   1.000 |   0.000 |  -1.000 |   0.000 |   0.000 |   0.000 |  -1.000 |   0.000 |  -2.000 |  -1.000 |   0.000 |   2.000 |   0.000 |   0.000 |  -3.000 |   2.000 |  -2.000 |
x9    0.333 |   0.333 |   0.000 |   0.000 |  -0.333 |   0.000 |   0.000 |   0.000 |   0.000 |   1.000 |   0.333 |  -0.667 |   0.000 |   0.000 |   0.000 |   0.000 |  -0.000 |   0.000 |  -0.667 |
x3    0.333 |   0.333 |   0.000 |   1.000 |   0.667 |   0.000 |   0.000 |   0.000 |   0.000 |   0.000 |   1.333 |   0.333 |   0.000 |  -1.000 |   0.000 |   0.000 |   1.000 |  -0.000 |   0.333 |
x6    0.333 |   0.333 |   0.000 |   0.000 |  -0.333 |   0.000 |   1.000 |   0.000 |   0.000 |   0.000 |   0.333 |   0.333 |   0.000 |   0.000 |   0.000 |   0.000 |   1.000 |  -1.000 |   0.333 |
x14   0.000 |   0.000 |   0.000 |   0.000 |   1.000 |   0.000 |   0.000 |   0.000 |   0.000 |   0.000 |   0.000 |   0.000 |   0.000 |   0.000 |   1.000 |   0.000 |   0.000 |   1.000 |   0.000 |
x5    0.333 |   1.333 |   0.000 |   0.000 |   1.667 |   1.000 |   0.000 |   0.000 |   1.000 |   0.000 |   1.333 |   1.333 |   0.000 |  -1.000 |   0.000 |   0.000 |   3.000 |  -2.000 |   2.333 |
x7    0.333 |  -0.667 |   0.000 |   0.000 |  -1.333 |   0.000 |   0.000 |   1.000 |   0.000 |   0.000 |  -1.667 |   0.333 |   0.000 |   2.000 |   0.000 |   0.000 |  -1.000 |   1.000 |  -0.667 |
x12   0.000 |  -1.000 |   0.000 |   0.000 |  -1.000 |   0.000 |   0.000 |   0.000 |   0.000 |   0.000 |  -1.000 |   1.000*|   1.000 |   1.000 |   0.000 |   0.000 |  -1.000 |   0.000 |   0.000 |

Iteração 2
            | x1      | x2      | x3      | x4      | x5      | x6      | x7      | x8      | x9      | x10     | x11     | x12     | x13     | x14     | x15     | x16     | x17     | x18     |
     -1.149 |   0.543 |   0.000 |   0.000 |   0.627 |   0.000 |   0.000 |   0.000 |   0.253 |   0.000 |   0.575 |   0.000 |   0.744 |  -1.429 |   0.000 |   0.000 |   0.051 |  -1.127 |   0.733 |
-------------------------------------------------------------------------------------------------------------------------------------------------------------------------------------------------
x15   0.000 |  -2.000 |   0.000 |   0.000 |  -2.000 |   0.000 |   0.000 |   0.000 |   0.000 |   0.000 |  -1.000 |   0.000 |   1.000 |   1.000 |   0.000 |   1.000 |  -3.000 |   1.000 |  -1.000 |
x2    0.000 |  -2.000 |   1.000 |   0.000 |  -2.000 |   0.000 |   0.000 |   0.000 |  -1.000 |   0.000 |  -3.000 |   0.000 |   1.000 |   3.000*|   0.000 |   0.000 |  -4.000 |   2.000 |  -2.000 |
x9    0.333 |  -0.333 |   0.000 |   0.000 |  -1.000 |   0.000 |   0.000 |   0.000 |   0.000 |   1.000 |  -0.333 |   0.000 |   0.667 |   0.667 |   0.000 |   0.000 |  -0.667 |   0.000 |  -0.667 |
x3    0.333 |   0.667 |   0.000 |   1.000 |   1.000 |   0.000 |   0.000 |   0.000 |   0.000 |   0.000 |   1.667 |   0.000 |  -0.333 |  -1.333 |   0.000 |   0.000 |   1.333 |  -0.000 |   0.333 |
x6    0.333 |   0.667 |   0.000 |   0.000 |   0.000 |   0.000 |   1.000 |   0.000 |   0.000 |   0.000 |   0.667 |   0.000 |  -0.333 |  -0.333 |   0.000 |   0.000 |   1.333 |  -1.000 |   0.333 |
x14   0.000 |   0.000 |   0.000 |   0.000 |   1.000 |   0.000 |   0.000 |   0.000 |   0.000 |   0.000 |   0.000 |   0.000 |   0.000 |   0.000 |   1.000 |   0.000 |   0.000 |   1.000 |   0.000 |
x5    0.333 |   2.667 |   0.000 |   0.000 |   3.000 |   1.000 |   0.000 |   0.000 |   1.000 |   0.000 |   2.667 |   0.000 |  -1.333 |  -2.333 |   0.000 |   0.000 |   4.333 |  -2.000 |   2.333 |
x7    0.333 |  -0.333 |   0.000 |   0.000 |  -1.000 |   0.000 |   0.000 |   1.000 |   0.000 |   0.000 |  -1.333 |   0.000 |  -0.333 |   1.667 |   0.000 |   0.000 |  -0.667 |   1.000 |  -0.667 |
x11   0.000 |  -1.000 |   0.000 |   0.000 |  -1.000 |   0.000 |   0.000 |   0.000 |   0.000 |   0.000 |  -1.000 |   1.000 |   1.000 |   1.000 |   0.000 |   0.000 |  -1.000 |   0.000 |   0.000 |

Iteração 3
            | x1      | x2      | x3      | x4      | x5      | x6      | x7      | x8      | x9      | x10     | x11     | x12     | x13     | x14     | x15     | x16     | x17     | x18     |
     -1.149 |  -0.409 |   0.476 |   0.000 |  -0.326 |   0.000 |   0.000 |   0.000 |  -0.223 |   0.000 |  -0.853 |   0.000 |   1.220 |   0.000 |   0.000 |   0.000 |  -1.854 |  -0.174 |  -0.220 |
-------------------------------------------------------------------------------------------------------------------------------------------------------------------------------------------------
x15   0.000 |  -1.333 |  -0.333 |   0.000 |  -1.333 |   0.000 |   0.000 |   0.000 |   0.333 |   0.000 |   0.000 |   0.000 |   0.667 |   0.000 |   0.000 |   1.000 |  -1.667 |   0.333 |  -0.333 |
x13   0.000 |  -0.667 |   0.333 |   0.000 |  -0.667 |   0.000 |   0.000 |   0.000 |  -0.333 |   0.000 |  -1.000 |   0.000 |   0.333 |   1.000 |   0.000 |   0.000 |  -1.333 |   0.667 |  -0.667 |
x9    0.333 |   0.111 |  -0.222 |   0.000 |  -0.556 |   0.000 |   0.000 |   0.000 |   0.222 |   1.000 |   0.333 |   0.000 |   0.444 |   0.000 |   0.000 |   0.000 |   0.222 |  -0.444 |  -0.222 |
x3    0.333 |  -0.222 |   0.444 |   1.000 |   0.111 |   0.000 |   0.000 |   0.000 |  -0.444 |   0.000 |   0.333 |   0.000 |   0.111 |   0.000 |   0.000 |   0.000 |  -0.444 |   0.889 |  -0.556 |
x6    0.333 |   0.444 |   0.111 |   0.000 |  -0.222 |   0.000 |   1.000 |   0.000 |  -0.111 |   0.000 |   0.333 |   0.000 |  -0.222 |   0.000 |   0.000 |   0.000 |   0.889 |  -0.778 |   0.111 |
x14   0.000 |   0.000 |   0.000 |   0.000 |   1.000 |   0.000 |   0.000 |   0.000 |   0.000 |   0.000 |   0.000 |   0.000 |   0.000 |   0.000 |   1.000 |   0.000 |   0.000 |   1.000 |   0.000 |
x5    0.333 |   1.111*|   0.778 |   0.000 |   1.444 |   1.000 |   0.000 |   0.000 |   0.222 |   0.000 |   0.333 |   0.000 |  -0.556 |   0.000 |   0.000 |   0.000 |   1.222 |  -0.444 |   0.778 |
x7    0.333 |   0.778 |  -0.556 |   0.000 |   0.111 |   0.000 |   0.000 |   1.000 |   0.556 |   0.000 |   0.333 |   0.000 |  -0.889 |   0.000 |   0.000 |   0.000 |   1.556 |  -0.111 |   0.444 |
x11   0.000 |  -0.333 |  -0.333 |   0.000 |  -0.333 |   0.000 |   0.000 |   0.000 |   0.333 |   0.000 |   0.000 |   1.000 |   0.667 |   0.000 |   0.000 |   0.000 |   0.333 |  -0.667 |   0.667 |

Iteração 4
            | x1      | x2      | x3      | x4      | x5      | x6      | x7      | x8      | x9      | x10     | x11     | x12     | x13     | x14     | x15     | x16     | x17     | x18     |
     -1.026 |   0.000 |   0.763 |   0.000 |   0.206 |   0.368 |   0.000 |   0.000 |  -0.141 |   0.000 |  -0.731 |   0.000 |   1.016 |   0.000 |   0.000 |   0.000 |  -1.404 |  -0.338 |   0.066 |
-------------------------------------------------------------------------------------------------------------------------------------------------------------------------------------------------
x15   0.400 |   0.000 |   0.600 |   0.000 |   0.400 |   1.200 |   0.000 |   0.000 |   0.600 |   0.000 |   0.400 |   0.000 |  -0.000 |   0.000 |   0.000 |   1.000 |  -0.200 |  -0.200 |   0.600 |
x13   0.200 |   0.000 |   0.800 |   0.000 |   0.200 |   0.600 |   0.000 |   0.000 |  -0.200 |   0.000 |  -0.800 |   0.000 |  -0.000 |   1.000 |   0.000 |   0.000 |  -0.600 |   0.400 |  -0.200 |
x9    0.300 |   0.000 |  -0.300 |   0.000 |  -0.700 |  -0.100 |   0.000 |   0.000 |   0.200 |   1.000 |   0.300 |   0.000 |   0.500 |   0.000 |   0.000 |   0.000 |   0.100 |  -0.400 |  -0.300 |
x3    0.400 |   0.000 |   0.600 |   1.000 |   0.400 |   0.200 |   0.000 |   0.000 |  -0.400 |   0.000 |   0.400 |   0.000 |   0.000 |   0.000 |   0.000 |   0.000 |  -0.200 |   0.800 |  -0.400 |
x6    0.200 |   0.000 |  -0.200 |   0.000 |  -0.800 |  -0.400 |   1.000 |   0.000 |  -0.200 |   0.000 |   0.200 |   0.000 |   0.000 |   0.000 |   0.000 |   0.000 |   0.400 |  -0.600 |  -0.200 |
x14   0.000 |   0.000 |   0.000 |   0.000 |   1.000 |   0.000 |   0.000 |   0.000 |   0.000 |   0.000 |   0.000 |   0.000 |   0.000 |   0.000 |   1.000 |   0.000 |   0.000 |   1.000 |   0.000 |
x1    0.300 |   1.000 |   0.700 |   0.000 |   1.300 |   0.900 |   0.000 |   0.000 |   0.200 |   0.000 |   0.300 |   0.000 |  -0.500 |   0.000 |   0.000 |   0.000 |   1.100 |  -0.400 |   0.700 |
x7    0.100 |   0.000 |  -1.100 |   0.000 |  -0.900 |  -0.700 |   0.000 |   1.000 |   0.400*|   0.000 |   0.100 |   0.000 |  -0.500 |   0.000 |   0.000 |   0.000 |   0.700 |   0.200 |  -0.100 |
x11   0.100 |   0.000 |  -0.100 |   0.000 |   0.100 |   0.300 |   0.000 |   0.000 |   0.400 |   0.000 |   0.100 |   1.000 |   0.500 |   0.000 |   0.000 |   0.000 |   0.700 |  -0.800 |   0.900 |

Iteração 5
            | x1      | x2      | x3      | x4      | x5      | x6      | x7      | x8      | x9      | x10     | x11     | x12     | x13     | x14     | x15     | x16     | x17     | x18     |
     -0.990 |   0.000 |   0.374 |   0.000 |  -0.112 |   0.121 |   0.000 |   0.353 |   0.000 |   0.000 |  -0.695 |   0.000 |   0.839 |   0.000 |   0.000 |   0.000 |  -1.157 |  -0.267 |   0.031 |
-------------------------------------------------------------------------------------------------------------------------------------------------------------------------------------------------
x15   0.250 |   0.000 |   2.250 |   0.000 |   1.750 |   2.250 |   0.000 |  -1.500 |   0.000 |   0.000 |   0.250 |   0.000 |   0.750 |   0.000 |   0.000 |   1.000 |  -1.250 |  -0.500 |   0.750 |
x13   0.250 |   0.000 |   0.250 |   0.000 |  -0.250 |   0.250 |   0.000 |   0.500 |   0.000 |   0.000 |  -0.750 |   0.000 |  -0.250 |   1.000 |   0.000 |   0.000 |  -0.250 |   0.500 |  -0.250 |
x9    0.250 |   0.000 |   0.250 |   0.000 |  -0.250 |   0.250 |   0.000 |  -0.500 |   0.000 |   1.000 |   0.250 |   0.000 |   0.750 |   0.000 |   0.000 |   0.000 |  -0.250 |  -0.500 |  -0.250 |
x3    0.500 |   0.000 |  -0.500 |   1.000 |  -0.500 |  -0.500 |   0.000 |   1.000 |   0.000 |   0.000 |   0.500 |   0.000 |  -0.500 |   0.000 |   0.000 |   0.000 |   0.500 |   1.000 |  -0.500 |
x6    0.250 |   0.000 |  -0.750 |   0.000 |  -1.250 |  -0.750 |   1.000 |   0.500 |   0.000 |   0.000 |   0.250 |   0.000 |  -0.250 |   0.000 |   0.000 |   0.000 |   0.750 |  -0.500 |  -0.250 |
x14   0.000 |   0.000 |   0.000 |   0.000 |   1.000*|   0.000 |   0.000 |   0.000 |   0.000 |   0.000 |   0.000 |   0.000 |   0.000 |   0.000 |   1.000 |   0.000 |   0.000 |   1.000 |   0.000 |
x1    0.250 |   1.000 |   1.250 |   0.000 |   1.750 |   1.250 |   0.000 |  -0.500 |   0.000 |   0.000 |   0.250 |   0.000 |  -0.250 |   0.000 |   0.000 |   0.000 |   0.750 |  -0.500 |   0.750 |
x8    0.250 |   0.000 |  -2.750 |   0.000 |  -2.250 |  -1.750 |   0.000 |   2.500 |   1.000 |   0.000 |   0.250 |   0.000 |  -1.250 |   0.000 |   0.000 |   0.000 |   1.750 |   0.500 |  -0.250 |
x11   0.000 |   0.000 |   1.000 |   0.000 |   1.000 |   1.000 |   0.000 |  -1.000 |   0.000 |   0.000 |   0.000 |   1.000 |   1.000 |   0.000 |   0.000 |   0.000 |   0.000 |  -1.000 |   1.000 |

Iteração 6
            | x1      | x2      | x3      | x4      | x5      | x6      | x7      | x8      | x9      | x10     | x11     | x12     | x13     | x14     | x15     | x16     | x17     | x18     |
     -0.990 |   0.000 |   0.374 |   0.000 |   0.000 |   0.121 |   0.000 |   0.353 |   0.000 |   0.000 |  -0.695 |   0.000 |   0.839 |   0.000 |   0.112 |   0.000 |  -1.157 |  -0.156 |   0.031 |
-------------------------------------------------------------------------------------------------------------------------------------------------------------------------------------------------
x15   0.250 |   0.000 |   2.250 |   0.000 |   0.000 |   2.250 |   0.000 |  -1.500 |   0.000 |   0.000 |   0.250 |   0.000 |   0.750 |   0.000 |  -1.750 |   1.000 |  -1.250 |  -2.250 |   0.750 |
x13   0.250 |   0.000 |   0.250 |   0.000 |   0.000 |   0.250 |   0.000 |   0.500 |   0.000 |   0.000 |  -0.750 |   0.000 |  -0.250 |   1.000 |   0.250 |   0.000 |  -0.250 |   0.750 |  -0.250 |
x9    0.250 |   0.000 |   0.250 |   0.000 |   0.000 |   0.250 |   0.000 |  -0.500 |   0.000 |   1.000 |   0.250 |   0.000 |   0.750 |   0.000 |   0.250 |   0.000 |  -0.250 |  -0.250 |  -0.250 |
x3    0.500 |   0.000 |  -0.500 |   1.000 |   0.000 |  -0.500 |   0.000 |   1.000 |   0.000 |   0.000 |   0.500*|   0.000 |  -0.500 |   0.000 |   0.500 |   0.000 |   0.500 |   1.500 |  -0.500 |
x6    0.250 |   0.000 |  -0.750 |   0.000 |   0.000 |  -0.750 |   1.000 |   0.500 |   0.000 |   0.000 |   0.250 |   0.000 |  -0.250 |   0.000 |   1.250 |   0.000 |   0.750 |   0.750 |  -0.250 |
x4    0.000 |   0.000 |   0.000 |   0.000 |   1.000 |   0.000 |   0.000 |   0.000 |   0.000 |   0.000 |   0.000 |   0.000 |   0.000 |   0.000 |   1.000 |   0.000 |   0.000 |   1.000 |   0.000 |
x1    0.250 |   1.000 |   1.250 |   0.000 |   0.000 |   1.250 |   0.000 |  -0.500 |   0.000 |   0.000 |   0.250 |   0.000 |  -0.250 |   0.000 |  -1.750 |   0.000 |   0.750 |  -2.250 |   0.750 |
x8    0.250 |   0.000 |  -2.750 |   0.000 |   0.000 |  -1.750 |   0.000 |   2.500 |   1.000 |   0.000 |   0.250 |   0.000 |  -1.250 |   0.000 |   2.250 |   0.000 |   1.750 |   2.750 |  -0.250 |
x11   0.000 |   0.000 |   1.000 |   0.000 |   0.000 |   1.000 |   0.000 |  -1.000 |   0.000 |   0.000 |   0.000 |   1.000 |   1.000 |   0.000 |  -1.000 |   0.000 |   0.000 |  -2.000 |   1.000 |

Iteração 7
            | x1      | x2      | x3      | x4      | x5      | x6      | x7      | x8      | x9      | x10     | x11     | x12     | x13     | x14     | x15     | x16     | x17     | x18     |
     -0.295 |   0.000 |  -0.321 |   1.391 |   0.000 |  -0.574 |   0.000 |   1.744 |   0.000 |   0.000 |   0.000 |   0.000 |   0.144 |   0.000 |   0.807 |   0.000 |  -0.462 |   1.930 |  -0.664 |
-------------------------------------------------------------------------------------------------------------------------------------------------------------------------------------------------
x15   0.000 |   0.000 |   2.500 |  -0.500 |   0.000 |   2.500 |   0.000 |  -2.000 |   0.000 |   0.000 |   0.000 |   0.000 |   1.000 |   0.000 |  -2.000 |   1.000 |  -1.500 |  -3.000 |   1.000 |
x13   1.000 |   0.000 |  -0.500 |   1.500 |   0.000 |  -0.500 |   0.000 |   2.000 |   0.000 |   0.000 |   0.000 |   0.000 |  -1.000 |   1.000 |   1.000 |   0.000 |   0.500 |   3.000 |  -1.000 |
x9    0.000 |   0.000 |   0.500 |  -0.500 |   0.000 |   0.500 |   0.000 |  -1.000 |   0.000 |   1.000 |   0.000 |   0.000 |   1.000 |   0.000 |  -0.000 |   0.000 |  -0.500 |  -1.000 |   0.000 |
x10   1.000 |   0.000 |  -1.000 |   2.000 |   0.000 |  -1.000 |   0.000 |   2.000 |   0.000 |   0.000 |   1.000 |   0.000 |  -1.000 |   0.000 |   1.000 |   0.000 |   1.000 |   3.000 |  -1.000 |
x6    0.000 |   0.000 |  -0.500 |  -0.500 |   0.000 |  -0.500 |   1.000 |   0.000 |   0.000 |   0.000 |   0.000 |   0.000 |  -0.000 |   0.000 |   1.000 |   0.000 |   0.500 |   0.000 |  -0.000 |
x4    0.000 |   0.000 |   0.000 |   0.000 |   1.000 |   0.000 |   0.000 |   0.000 |   0.000 |   0.000 |   0.000 |   0.000 |   0.000 |   0.000 |   1.000 |   0.000 |   0.000 |   1.000 |   0.000 |
x1    0.000 |   1.000 |   1.500 |  -0.500 |   0.000 |   1.500 |   0.000 |  -1.000 |   0.000 |   0.000 |   0.000 |   0.000 |   0.000 |   0.000 |  -2.000 |   0.000 |   0.500 |  -3.000 |   1.000 |
x8    0.000 |   0.000 |  -2.500 |  -0.500 |   0.000 |  -1.500 |   0.000 |   2.000 |   1.000 |   0.000 |   0.000 |   0.000 |  -1.000 |   0.000 |   2.000 |   0.000 |   1.500 |   2.000 |  -0.000 |
x11   0.000 |   0.000 |   1.000*|  -0.000 |   0.000 |   1.000 |   0.000 |  -1.000 |   0.000 |   0.000 |   0.000 |   1.000 |   1.000 |   0.000 |  -1.000 |   0.000 |   0.000 |  -2.000 |   1.000 |

Iteração 8
            | x1      | x2      | x3      | x4      | x5      | x6      | x7      | x8      | x9      | x10     | x11     | x12     | x13     | x14     | x15     | x16     | x17     | x18     |
     -0.295 |   0.000 |   0.000 |   1.391 |   0.000 |  -0.253 |   0.000 |   1.423 |   0.000 |   0.000 |   0.000 |   0.321 |   0.465 |   0.000 |   0.486 |   0.000 |  -0.462 |   1.288 |  -0.343 |
-------------------------------------------------------------------------------------------------------------------------------------------------------------------------------------------------
x15   0.000 |   0.000 |   0.000 |  -0.500 |   0.000 |   0.000 |   0.000 |   0.500 |   0.000 |   0.000 |   0.000 |  -2.500 |  -1.500 |   0.000 |   0.500 |   1.000 |  -1.500 |   2.000 |  -1.500 |
x13   1.000 |   0.000 |   0.000 |   1.500 |   0.000 |   0.000 |   0.000 |   1.500 |   0.000 |   0.000 |   0.000 |   0.500 |  -0.500 |   1.000 |   0.500 |   0.000 |   0.500 |   2.000 |  -0.500 |
x9    0.000 |   0.000 |   0.000 |  -0.500 |   0.000 |   0.000 |   0.000 |  -0.500 |   0.000 |   1.000 |   0.000 |  -0.500 |   0.500 |   0.000 |   0.500 |   0.000 |  -0.500 |   0.000 |  -0.500 |
x10   1.000 |   0.000 |   0.000 |   2.000 |   0.000 |   0.000 |   0.000 |   1.000 |   0.000 |   0.000 |   1.000 |   1.000 |   0.000 |   0.000 |  -0.000 |   0.000 |   1.000 |   1.000 |   0.000 |
x6    0.000 |   0.000 |   0.000 |  -0.500 |   0.000 |  -0.000 |   1.000 |  -0.500 |   0.000 |   0.000 |   0.000 |   0.500 |   0.500 |   0.000 |   0.500 |   0.000 |   0.500 |  -1.000 |   0.500 |
x4    0.000 |   0.000 |   0.000 |   0.000 |   1.000 |   0.000 |   0.000 |   0.000 |   0.000 |   0.000 |   0.000 |   0.000 |   0.000 |   0.000 |   1.000 |   0.000 |   0.000 |   1.000 |   0.000 |
x1    0.000 |   1.000 |   0.000 |  -0.500 |   0.000 |  -0.000 |   0.000 |   0.500 |   0.000 |   0.000 |   0.000 |  -1.500 |  -1.500 |   0.000 |  -0.500 |   0.000 |   0.500 |   0.000 |  -0.500 |
x8    0.000 |   0.000 |   0.000 |  -0.500 |   0.000 |   1.000 |   0.000 |  -0.500 |   1.000 |   0.000 |   0.000 |   2.500 |   1.500 |   0.000 |  -0.500 |   0.000 |   1.500 |  -3.000 |   2.500 |
x2    0.000 |   0.000 |   1.000 |  -0.000 |   0.000 |   1.000*|   0.000 |  -1.000 |   0.000 |   0.000 |   0.000 |   1.000 |   1.000 |   0.000 |  -1.000 |   0.000 |   0.000 |  -2.000 |   1.000 |

Iteração 9
            | x1      | x2      | x3      | x4      | x5      | x6      | x7      | x8      | x9      | x10     | x11     | x12     | x13     | x14     | x15     | x16     | x17     | x18     |
     -0.295 |   0.000 |   0.253 |   1.391 |   0.000 |   0.000 |   0.000 |   1.169 |   0.000 |   0.000 |   0.000 |   0.574 |   0.718 |   0.000 |   0.233 |   0.000 |  -0.462 |   0.781 |  -0.090 |
-------------------------------------------------------------------------------------------------------------------------------------------------------------------------------------------------
x15   0.000 |   0.000 |  -0.000 |  -0.500 |   0.000 |   0.000 |   0.000 |   0.500 |   0.000 |   0.000 |   0.000 |  -2.500 |  -1.500 |   0.000 |   0.500 |   1.000 |  -1.500 |   2.000 |  -1.500 |
x13   1.000 |   0.000 |  -0.000 |   1.500 |   0.000 |   0.000 |   0.000 |   1.500 |   0.000 |   0.000 |   0.000 |   0.500 |  -0.500 |   1.000 |   0.500 |   0.000 |   0.500 |   2.000 |  -0.500 |
x9    0.000 |   0.000 |   0.000 |  -0.500 |   0.000 |   0.000 |   0.000 |  -0.500 |   0.000 |   1.000 |   0.000 |  -0.500 |   0.500 |   0.000 |   0.500 |   0.000 |  -0.500 |   0.000 |  -0.500 |
x10   1.000 |   0.000 |  -0.000 |   2.000 |   0.000 |   0.000 |   0.000 |   1.000 |   0.000 |   0.000 |   1.000 |   1.000 |   0.000 |   0.000 |   0.000 |   0.000 |   1.000 |   1.000 |   0.000 |
x6    0.000 |   0.000 |   0.000 |  -0.500 |   0.000 |   0.000 |   1.000 |  -0.500 |   0.000 |   0.000 |   0.000 |   0.500 |   0.500 |   0.000 |   0.500 |   0.000 |   0.500 |  -1.000 |   0.500 |
x4    0.000 |   0.000 |   0.000 |   0.000 |   1.000 |   0.000 |   0.000 |   0.000 |   0.000 |   0.000 |   0.000 |   0.000 |   0.000 |   0.000 |   1.000 |   0.000 |   0.000 |   1.000 |   0.000 |
x1    0.000 |   1.000 |   0.000 |  -0.500 |   0.000 |   0.000 |   0.000 |   0.500 |   0.000 |   0.000 |   0.000 |  -1.500 |  -1.500 |   0.000 |  -0.500 |   0.000 |   0.500 |   0.000 |  -0.500 |
x8    0.000 |   0.000 |  -1.000 |  -0.500 |   0.000 |   0.000 |   0.000 |   0.500 |   1.000 |   0.000 |   0.000 |   1.500 |   0.500 |   0.000 |   0.500 |   0.000 |   1.500*|  -1.000 |   1.500 |
x5    0.000 |   0.000 |   1.000 |  -0.000 |   0.000 |   1.000 |   0.000 |  -1.000 |   0.000 |   0.000 |   0.000 |   1.000 |   1.000 |   0.000 |  -1.000 |   0.000 |   0.000 |  -2.000 |   1.000 |

Iteração 10
            | x1      | x2      | x3      | x4      | x5      | x6      | x7      | x8      | x9      | x10     | x11     | x12     | x13     | x14     | x15     | x16     | x17     | x18     |
     -0.295 |   0.000 |  -0.055 |   1.237 |   0.000 |   0.000 |   0.000 |   1.323 |   0.308 |   0.000 |   0.000 |   1.036 |   0.872 |   0.000 |   0.386 |   0.000 |   0.000 |   0.474 |   0.372 |
-------------------------------------------------------------------------------------------------------------------------------------------------------------------------------------------------
x15   0.000 |   0.000 |  -1.000 |  -1.000 |   0.000 |   0.000 |   0.000 |   1.000 |   1.000 |   0.000 |   0.000 |  -1.000 |  -1.000 |   0.000 |   1.000 |   1.000 |   0.000 |   1.000 |  -0.000 |
x13   1.000 |   0.000 |   0.333 |   1.667 |   0.000 |   0.000 |   0.000 |   1.333 |  -0.333 |   0.000 |   0.000 |   0.000 |  -0.667 |   1.000 |   0.333 |   0.000 |   0.000 |   2.333 |  -1.000 |
x9    0.000 |   0.000 |  -0.333 |  -0.667 |   0.000 |   0.000 |   0.000 |  -0.333 |   0.333 |   1.000 |   0.000 |  -0.000 |   0.667 |   0.000 |   0.667 |   0.000 |   0.000 |  -0.333 |  -0.000 |
x10   1.000 |   0.000 |   0.667 |   2.333 |   0.000 |   0.000 |   0.000 |   0.667 |  -0.667 |   0.000 |   1.000 |   0.000 |  -0.333 |   0.000 |  -0.333 |   0.000 |   0.000 |   1.667 |  -1.000 |
x6    0.000 |   0.000 |   0.333 |  -0.333 |   0.000 |   0.000 |   1.000 |  -0.667 |  -0.333 |   0.000 |   0.000 |   0.000 |   0.333 |   0.000 |   0.333 |   0.000 |   0.000 |  -0.667 |   0.000 |
x4    0.000 |   0.000 |   0.000 |   0.000 |   1.000 |   0.000 |   0.000 |   0.000 |   0.000 |   0.000 |   0.000 |   0.000 |   0.000 |   0.000 |   1.000 |   0.000 |   0.000 |   1.000 |   0.000 |
x1    0.000 |   1.000 |   0.333 |  -0.333 |   0.000 |   0.000 |   0.000 |   0.333 |  -0.333 |   0.000 |   0.000 |  -2.000 |  -1.667 |   0.000 |  -0.667 |   0.000 |   0.000 |   0.333 |  -1.000 |
x16   0.000 |   0.000 |  -0.667 |  -0.333 |   0.000 |   0.000 |   0.000 |   0.333 |   0.667 |   0.000 |   0.000 |   1.000 |   0.333 |   0.000 |   0.333 |   0.000 |   1.000 |  -0.667 |   1.000 |
x5    0.000 |   0.000 |   1.000*|  -0.000 |   0.000 |   1.000 |   0.000 |  -1.000 |  -0.000 |   0.000 |   0.000 |   1.000 |   1.000 |   0.000 |  -1.000 |   0.000 |   0.000 |  -2.000 |   1.000 |

Iteração 11
            | x1      | x2      | x3      | x4      | x5      | x6      | x7      | x8      | x9      | x10     | x11     | x12     | x13     | x14     | x15     | x16     | x17     | x18     |
     -0.295 |   0.000 |   0.000 |   1.237 |   0.000 |   0.055 |   0.000 |   1.269 |   0.308 |   0.000 |   0.000 |   1.090 |   0.927 |   0.000 |   0.332 |   0.000 |   0.000 |   0.365 |   0.426 |
-------------------------------------------------------------------------------------------------------------------------------------------------------------------------------------------------
x15   0.000 |   0.000 |   0.000 |  -1.000 |   0.000 |   1.000 |   0.000 |   0.000 |   1.000 |   0.000 |   0.000 |  -0.000 |  -0.000 |   0.000 |  -0.000 |   1.000 |   0.000 |  -1.000 |   1.000 |
x13   1.000 |   0.000 |   0.000 |   1.667 |   0.000 |  -0.333 |   0.000 |   1.667 |  -0.333 |   0.000 |   0.000 |  -0.333 |  -1.000 |   1.000 |   0.667 |   0.000 |   0.000 |   3.000 |  -1.333 |
x9    0.000 |   0.000 |   0.000 |  -0.667 |   0.000 |   0.333 |   0.000 |  -0.667 |   0.333 |   1.000 |   0.000 |   0.333 |   1.000 |   0.000 |   0.333 |   0.000 |   0.000 |  -1.000 |   0.333 |
x10   1.000 |   0.000 |   0.000 |   2.333 |   0.000 |  -0.667 |   0.000 |   1.333 |  -0.667 |   0.000 |   1.000 |  -0.667 |  -1.000 |   0.000 |   0.333 |   0.000 |   0.000 |   3.000 |  -1.667 |
x6    0.000 |   0.000 |   0.000 |  -0.333 |   0.000 |  -0.333 |   1.000 |  -0.333 |  -0.333 |   0.000 |   0.000 |  -0.333 |   0.000 |   0.000 |   0.667 |   0.000 |   0.000 |   0.000 |  -0.333 |
x4    0.000 |   0.000 |   0.000 |   0.000 |   1.000 |   0.000 |   0.000 |   0.000 |   0.000 |   0.000 |   0.000 |   0.000 |   0.000 |   0.000 |   1.000 |   0.000 |   0.000 |   1.000 |   0.000 |
x1    0.000 |   1.000 |   0.000 |  -0.333 |   0.000 |  -0.333 |   0.000 |   0.667 |  -0.333 |   0.000 |   0.000 |  -2.333 |  -2.000 |   0.000 |  -0.333 |   0.000 |   0.000 |   1.000 |  -1.333 |
x16   0.000 |   0.000 |   0.000 |  -0.333 |   0.000 |   0.667 |   0.000 |  -0.333 |   0.667 |   0.000 |   0.000 |   1.667 |   1.000 |   0.000 |  -0.333 |   0.000 |   1.000 |  -2.000 |   1.667 |
x2    0.000 |   0.000 |   1.000 |  -0.000 |   0.000 |   1.000 |   0.000 |  -1.000 |  -0.000 |   0.000 |   0.000 |   1.000 |   1.000 |   0.000 |  -1.000 |   0.000 |   0.000 |  -2.000 |   1.000 |

ind = 0
x =

   0.00000
   0.00000
   0.00000
   0.00000
   0.00000
   0.00000
   0.00000
   0.00000
   0.00000
   1.00000
   0.00000
   0.00000
   1.00000
   0.00000
   0.00000
   0.00000
   0.00000
   0.00000

