m =  6
n =  38
A =

 Columns 1 through 20:

   0   1   1   0   0   1   1   1   0   0   0   0   0   0   1   0   1   1   1   0
   1   0   0   1   0   0   0   1   0   0   1   1   0   1   1   1   1   0   0   0
   0   1   0   1   1   1   0   1   1   0   0   0   0   0   0   0   1   1   1   0
   1   0   1   1   0   1   1   0   0   1   0   1   1   0   0   1   1   0   1   0
   0   0   0   1   0   0   1   0   0   1   0   0   0   1   0   1   1   0   0   0
   0   0   0   0   1   1   1   0   1   0   1   0   0   0   1   1   1   1   1   1

 Columns 21 through 38:

   0   1   1   1   0   0   0   1   0   0   0   0   1   1   0   0   0   1
   1   1   1   1   0   0   1   1   0   0   1   0   1   0   1   0   0   1
   1   0   1   0   0   0   1   0   1   1   0   1   1   0   0   1   0   0
   0   1   1   0   1   1   0   1   1   1   1   0   0   0   1   1   0   1
   0   0   1   1   0   0   0   0   0   1   0   1   0   1   0   0   1   0
   1   0   1   1   1   1   1   1   1   1   0   1   1   0   0   1   0   1

b =

   1
   1
   1
   1
   1
   1

c =

   0.952328
   0.580374
   0.033446
   0.240435
   0.939515
   0.662724
   0.173315
   0.980051
   0.159567
   0.956204
   0.204246
   0.053416
   0.893648
   0.546231
   0.983258
   0.205455
   0.375182
   0.837989
   0.132369
   0.074072
   0.485918
   0.964115
   0.397244
   0.734950
   0.347640
   0.149883
   0.989925
   0.681613
   0.348134
   0.051946
   0.486410
   0.533837
   0.550340
   0.299831
   0.245914
   0.922317
   0.552157
   0.709077

Simplex: Fase 1

Iteração 1
            | x1      | x2      | x3      | x4      | x5      | x6      | x7      | x8      | x9      | x10     | x11     | x12     | x13     | x14     | x15     | x16     | x17     | x18     | x19     | x20     | x21     | x22     | x23     | x24     | x25     | x26     | x27     | x28     | x29     | x30     | x31     | x32     | x33     | x34     | x35     | x36     | x37     | x38     | x39     | x40     | x41     | x42     | x43     | x44     |
     -6.000 |  -2.000 |  -2.000 |  -2.000 |  -4.000 |  -2.000 |  -4.000 |  -4.000 |  -3.000 |  -2.000 |  -2.000 |  -2.000 |  -2.000 |  -1.000 |  -2.000 |  -3.000 |  -4.000 |  -6.000 |  -3.000 |  -4.000 |  -1.000 |  -3.000 |  -3.000 |  -6.000 |  -4.000 |  -2.000 |  -2.000 |  -3.000 |  -4.000 |  -3.000 |  -4.000 |  -2.000 |  -3.000 |  -4.000 |  -2.000 |  -2.000 |  -3.000 |  -1.000 |  -4.000 |   0.000 |   0.000 |   0.000 |   0.000 |   0.000 |   0.000 |
---------------------------------------------------------------------------------------------------------------------------------------------------------------------------------------------------------------------------------------------------------------------------------------------------------------------------------------------------------------------------------------------------------------------------------------------------------------------
x39   1.000 |   0.000 |   1.000 |   1.000 |   0.000 |   0.000 |   1.000 |   1.000 |   1.000 |   0.000 |   0.000 |   0.000 |   0.000 |   0.000 |   0.000 |   1.000 |   0.000 |   1.000 |   1.000 |   1.000 |   0.000 |   0.000 |   1.000 |   1.000 |   1.000 |   0.000 |   0.000 |   0.000 |   1.000 |   0.000 |   0.000 |   0.000 |   0.000 |   1.000 |   1.000 |   0.000 |   0.000 |   0.000 |   1.000 |   1.000 |   0.000 |   0.000 |   0.000 |   0.000 |   0.000 |
x40   1.000 |   1.000*|   0.000 |   0.000 |   1.000 |   0.000 |   0.000 |   0.000 |   1.000 |   0.000 |   0.000 |   1.000 |   1.000 |   0.000 |   1.000 |   1.000 |   1.000 |   1.000 |   0.000 |   0.000 |   0.000 |   1.000 |   1.000 |   1.000 |   1.000 |   0.000 |   0.000 |   1.000 |   1.000 |   0.000 |   0.000 |   1.000 |   0.000 |   1.000 |   0.000 |   1.000 |   0.000 |   0.000 |   1.000 |   0.000 |   1.000 |   0.000 |   0.000 |   0.000 |   0.000 |
x41   1.000 |   0.000 |   1.000 |   0.000 |   1.000 |   1.000 |   1.000 |   0.000 |   1.000 |   1.000 |   0.000 |   0.000 |   0.000 |   0.000 |   0.000 |   0.000 |   0.000 |   1.000 |   1.000 |   1.000 |   0.000 |   1.000 |   0.000 |   1.000 |   0.000 |   0.000 |   0.000 |   1.000 |   0.000 |   1.000 |   1.000 |   0.000 |   1.000 |   1.000 |   0.000 |   0.000 |   1.000 |   0.000 |   0.000 |   0.000 |   0.000 |   1.000 |   0.000 |   0.000 |   0.000 |
x42   1.000 |   1.000 |   0.000 |   1.000 |   1.000 |   0.000 |   1.000 |   1.000 |   0.000 |   0.000 |   1.000 |   0.000 |   1.000 |   1.000 |   0.000 |   0.000 |   1.000 |   1.000 |   0.000 |   1.000 |   0.000 |   0.000 |   1.000 |   1.000 |   0.000 |   1.000 |   1.000 |   0.000 |   1.000 |   1.000 |   1.000 |   1.000 |   0.000 |   0.000 |   0.000 |   1.000 |   1.000 |   0.000 |   1.000 |   0.000 |   0.000 |   0.000 |   1.000 |   0.000 |   0.000 |
x43   1.000 |   0.000 |   0.000 |   0.000 |   1.000 |   0.000 |   0.000 |   1.000 |   0.000 |   0.000 |   1.000 |   0.000 |   0.000 |   0.000 |   1.000 |   0.000 |   1.000 |   1.000 |   0.000 |   0.000 |   0.000 |   0.000 |   0.000 |   1.000 |   1.000 |   0.000 |   0.000 |   0.000 |   0.000 |   0.000 |   1.000 |   0.000 |   1.000 |   0.000 |   1.000 |   0.000 |   0.000 |   1.000 |   0.000 |   0.000 |   0.000 |   0.000 |   0.000 |   1.000 |   0.000 |
x44   1.000 |   0.000 |   0.000 |   0.000 |   0.000 |   1.000 |   1.000 |   1.000 |   0.000 |   1.000 |   0.000 |   1.000 |   0.000 |   0.000 |   0.000 |   1.000 |   1.000 |   1.000 |   1.000 |   1.000 |   1.000 |   1.000 |   0.000 |   1.000 |   1.000 |   1.000 |   1.000 |   1.000 |   1.000 |   1.000 |   1.000 |   0.000 |   1.000 |   1.000 |   0.000 |   0.000 |   1.000 |   0.000 |   1.000 |   0.000 |   0.000 |   0.000 |   0.000 |   0.000 |   1.000 |

Iteração 2
            | x1      | x2      | x3      | x4      | x5      | x6      | x7      | x8      | x9      | x10     | x11     | x12     | x13     | x14     | x15     | x16     | x17     | x18     | x19     | x20     | x21     | x22     | x23     | x24     | x25     | x26     | x27     | x28     | x29     | x30     | x31     | x32     | x33     | x34     | x35     | x36     | x37     | x38     | x39     | x40     | x41     | x42     | x43     | x44     |
     -4.000 |   0.000 |  -2.000 |  -2.000 |  -2.000 |  -2.000 |  -4.000 |  -4.000 |  -1.000 |  -2.000 |  -2.000 |   0.000 |   0.000 |  -1.000 |   0.000 |  -1.000 |  -2.000 |  -4.000 |  -3.000 |  -4.000 |  -1.000 |  -1.000 |  -1.000 |  -4.000 |  -2.000 |  -2.000 |  -2.000 |  -1.000 |  -2.000 |  -3.000 |  -4.000 |   0.000 |  -3.000 |  -2.000 |  -2.000 |   0.000 |  -3.000 |  -1.000 |  -2.000 |   0.000 |   2.000 |   0.000 |   0.000 |   0.000 |   0.000 |
---------------------------------------------------------------------------------------------------------------------------------------------------------------------------------------------------------------------------------------------------------------------------------------------------------------------------------------------------------------------------------------------------------------------------------------------------------------------
x39   1.000 |   0.000 |   1.000*|   1.000 |   0.000 |   0.000 |   1.000 |   1.000 |   1.000 |   0.000 |   0.000 |   0.000 |   0.000 |   0.000 |   0.000 |   1.000 |   0.000 |   1.000 |   1.000 |   1.000 |   0.000 |   0.000 |   1.000 |   1.000 |   1.000 |   0.000 |   0.000 |   0.000 |   1.000 |   0.000 |   0.000 |   0.000 |   0.000 |   1.000 |   1.000 |   0.000 |   0.000 |   0.000 |   1.000 |   1.000 |   0.000 |   0.000 |   0.000 |   0.000 |   0.000 |
x1    1.000 |   1.000 |   0.000 |   0.000 |   1.000 |   0.000 |   0.000 |   0.000 |   1.000 |   0.000 |   0.000 |   1.000 |   1.000 |   0.000 |   1.000 |   1.000 |   1.000 |   1.000 |   0.000 |   0.000 |   0.000 |   1.000 |   1.000 |   1.000 |   1.000 |   0.000 |   0.000 |   1.000 |   1.000 |   0.000 |   0.000 |   1.000 |   0.000 |   1.000 |   0.000 |   1.000 |   0.000 |   0.000 |   1.000 |   0.000 |   1.000 |   0.000 |   0.000 |   0.000 |   0.000 |
x41   1.000 |   0.000 |   1.000 |   0.000 |   1.000 |   1.000 |   1.000 |   0.000 |   1.000 |   1.000 |   0.000 |   0.000 |   0.000 |   0.000 |   0.000 |   0.000 |   0.000 |   1.000 |   1.000 |   1.000 |   0.000 |   1.000 |   0.000 |   1.000 |   0.000 |   0.000 |   0.000 |   1.000 |   0.000 |   1.000 |   1.000 |   0.000 |   1.000 |   1.000 |   0.000 |   0.000 |   1.000 |   0.000 |   0.000 |   0.000 |   0.000 |   1.000 |   0.000 |   0.000 |   0.000 |
x42   0.000 |   0.000 |   0.000 |   1.000 |   0.000 |   0.000 |   1.000 |   1.000 |  -1.000 |   0.000 |   1.000 |  -1.000 |   0.000 |   1.000 |  -1.000 |  -1.000 |   0.000 |   0.000 |   0.000 |   1.000 |   0.000 |  -1.000 |   0.000 |   0.000 |  -1.000 |   1.000 |   1.000 |  -1.000 |   0.000 |   1.000 |   1.000 |   0.000 |   0.000 |  -1.000 |   0.000 |   0.000 |   1.000 |   0.000 |   0.000 |   0.000 |  -1.000 |   0.000 |   1.000 |   0.000 |   0.000 |
x43   1.000 |   0.000 |   0.000 |   0.000 |   1.000 |   0.000 |   0.000 |   1.000 |   0.000 |   0.000 |   1.000 |   0.000 |   0.000 |   0.000 |   1.000 |   0.000 |   1.000 |   1.000 |   0.000 |   0.000 |   0.000 |   0.000 |   0.000 |   1.000 |   1.000 |   0.000 |   0.000 |   0.000 |   0.000 |   0.000 |   1.000 |   0.000 |   1.000 |   0.000 |   1.000 |   0.000 |   0.000 |   1.000 |   0.000 |   0.000 |   0.000 |   0.000 |   0.000 |   1.000 |   0.000 |
x44   1.000 |   0.000 |   0.000 |   0.000 |   0.000 |   1.000 |   1.000 |   1.000 |   0.000 |   1.000 |   0.000 |   1.000 |   0.000 |   0.000 |   0.000 |   1.000 |   1.000 |   1.000 |   1.000 |   1.000 |   1.000 |   1.000 |   0.000 |   1.000 |   1.000 |   1.000 |   1.000 |   1.000 |   1.000 |   1.000 |   1.000 |   0.000 |   1.000 |   1.000 |   0.000 |   0.000 |   1.000 |   0.000 |   1.000 |   0.000 |   0.000 |   0.000 |   0.000 |   0.000 |   1.000 |

Iteração 3
            | x1      | x2      | x3      | x4      | x5      | x6      | x7      | x8      | x9      | x10     | x11     | x12     | x13     | x14     | x15     | x16     | x17     | x18     | x19     | x20     | x21     | x22     | x23     | x24     | x25     | x26     | x27     | x28     | x29     | x30     | x31     | x32     | x33     | x34     | x35     | x36     | x37     | x38     | x39     | x40     | x41     | x42     | x43     | x44     |
     -2.000 |   0.000 |   0.000 |   0.000 |  -2.000 |  -2.000 |  -2.000 |  -2.000 |   1.000 |  -2.000 |  -2.000 |   0.000 |   0.000 |  -1.000 |   0.000 |   1.000 |  -2.000 |  -2.000 |  -1.000 |  -2.000 |  -1.000 |  -1.000 |   1.000 |  -2.000 |   0.000 |  -2.000 |  -2.000 |  -1.000 |   0.000 |  -3.000 |  -4.000 |   0.000 |  -3.000 |   0.000 |   0.000 |   0.000 |  -3.000 |  -1.000 |   0.000 |   2.000 |   2.000 |   0.000 |   0.000 |   0.000 |   0.000 |
---------------------------------------------------------------------------------------------------------------------------------------------------------------------------------------------------------------------------------------------------------------------------------------------------------------------------------------------------------------------------------------------------------------------------------------------------------------------
x2    1.000 |   0.000 |   1.000 |   1.000 |   0.000 |   0.000 |   1.000 |   1.000 |   1.000 |   0.000 |   0.000 |   0.000 |   0.000 |   0.000 |   0.000 |   1.000 |   0.000 |   1.000 |   1.000 |   1.000 |   0.000 |   0.000 |   1.000 |   1.000 |   1.000 |   0.000 |   0.000 |   0.000 |   1.000 |   0.000 |   0.000 |   0.000 |   0.000 |   1.000 |   1.000 |   0.000 |   0.000 |   0.000 |   1.000 |   1.000 |   0.000 |   0.000 |   0.000 |   0.000 |   0.000 |
x1    1.000 |   1.000 |   0.000 |   0.000 |   1.000 |   0.000 |   0.000 |   0.000 |   1.000 |   0.000 |   0.000 |   1.000 |   1.000 |   0.000 |   1.000 |   1.000 |   1.000 |   1.000 |   0.000 |   0.000 |   0.000 |   1.000 |   1.000 |   1.000 |   1.000 |   0.000 |   0.000 |   1.000 |   1.000 |   0.000 |   0.000 |   1.000 |   0.000 |   1.000 |   0.000 |   1.000 |   0.000 |   0.000 |   1.000 |   0.000 |   1.000 |   0.000 |   0.000 |   0.000 |   0.000 |
x41   0.000 |   0.000 |   0.000 |  -1.000 |   1.000*|   1.000 |   0.000 |  -1.000 |   0.000 |   1.000 |   0.000 |   0.000 |   0.000 |   0.000 |   0.000 |  -1.000 |   0.000 |   0.000 |   0.000 |   0.000 |   0.000 |   1.000 |  -1.000 |   0.000 |  -1.000 |   0.000 |   0.000 |   1.000 |  -1.000 |   1.000 |   1.000 |   0.000 |   1.000 |   0.000 |  -1.000 |   0.000 |   1.000 |   0.000 |  -1.000 |  -1.000 |   0.000 |   1.000 |   0.000 |   0.000 |   0.000 |
x42   0.000 |   0.000 |   0.000 |   1.000 |   0.000 |   0.000 |   1.000 |   1.000 |  -1.000 |   0.000 |   1.000 |  -1.000 |   0.000 |   1.000 |  -1.000 |  -1.000 |   0.000 |   0.000 |   0.000 |   1.000 |   0.000 |  -1.000 |   0.000 |   0.000 |  -1.000 |   1.000 |   1.000 |  -1.000 |   0.000 |   1.000 |   1.000 |   0.000 |   0.000 |  -1.000 |   0.000 |   0.000 |   1.000 |   0.000 |   0.000 |   0.000 |  -1.000 |   0.000 |   1.000 |   0.000 |   0.000 |
x43   1.000 |   0.000 |   0.000 |   0.000 |   1.000 |   0.000 |   0.000 |   1.000 |   0.000 |   0.000 |   1.000 |   0.000 |   0.000 |   0.000 |   1.000 |   0.000 |   1.000 |   1.000 |   0.000 |   0.000 |   0.000 |   0.000 |   0.000 |   1.000 |   1.000 |   0.000 |   0.000 |   0.000 |   0.000 |   0.000 |   1.000 |   0.000 |   1.000 |   0.000 |   1.000 |   0.000 |   0.000 |   1.000 |   0.000 |   0.000 |   0.000 |   0.000 |   0.000 |   1.000 |   0.000 |
x44   1.000 |   0.000 |   0.000 |   0.000 |   0.000 |   1.000 |   1.000 |   1.000 |   0.000 |   1.000 |   0.000 |   1.000 |   0.000 |   0.000 |   0.000 |   1.000 |   1.000 |   1.000 |   1.000 |   1.000 |   1.000 |   1.000 |   0.000 |   1.000 |   1.000 |   1.000 |   1.000 |   1.000 |   1.000 |   1.000 |   1.000 |   0.000 |   1.000 |   1.000 |   0.000 |   0.000 |   1.000 |   0.000 |   1.000 |   0.000 |   0.000 |   0.000 |   0.000 |   0.000 |   1.000 |

Iteração 4
            | x1      | x2      | x3      | x4      | x5      | x6      | x7      | x8      | x9      | x10     | x11     | x12     | x13     | x14     | x15     | x16     | x17     | x18     | x19     | x20     | x21     | x22     | x23     | x24     | x25     | x26     | x27     | x28     | x29     | x30     | x31     | x32     | x33     | x34     | x35     | x36     | x37     | x38     | x39     | x40     | x41     | x42     | x43     | x44     |
     -2.000 |   0.000 |   0.000 |  -2.000 |   0.000 |   0.000 |  -2.000 |  -4.000 |   1.000 |   0.000 |  -2.000 |   0.000 |   0.000 |  -1.000 |   0.000 |  -1.000 |  -2.000 |  -2.000 |  -1.000 |  -2.000 |  -1.000 |   1.000 |  -1.000 |  -2.000 |  -2.000 |  -2.000 |  -2.000 |   1.000 |  -2.000 |  -1.000 |  -2.000 |   0.000 |  -1.000 |   0.000 |  -2.000 |   0.000 |  -1.000 |  -1.000 |  -2.000 |   0.000 |   2.000 |   2.000 |   0.000 |   0.000 |   0.000 |
---------------------------------------------------------------------------------------------------------------------------------------------------------------------------------------------------------------------------------------------------------------------------------------------------------------------------------------------------------------------------------------------------------------------------------------------------------------------
x2    1.000 |   0.000 |   1.000 |   1.000 |   0.000 |   0.000 |   1.000 |   1.000 |   1.000 |   0.000 |   0.000 |   0.000 |   0.000 |   0.000 |   0.000 |   1.000 |   0.000 |   1.000 |   1.000 |   1.000 |   0.000 |   0.000 |   1.000 |   1.000 |   1.000 |   0.000 |   0.000 |   0.000 |   1.000 |   0.000 |   0.000 |   0.000 |   0.000 |   1.000 |   1.000 |   0.000 |   0.000 |   0.000 |   1.000 |   1.000 |   0.000 |   0.000 |   0.000 |   0.000 |   0.000 |
x1    1.000 |   1.000 |   0.000 |   1.000 |   0.000 |  -1.000 |   0.000 |   1.000 |   1.000 |  -1.000 |   0.000 |   1.000 |   1.000 |   0.000 |   1.000 |   2.000 |   1.000 |   1.000 |   0.000 |   0.000 |   0.000 |   0.000 |   2.000 |   1.000 |   2.000 |   0.000 |   0.000 |   0.000 |   2.000 |  -1.000 |  -1.000 |   1.000 |  -1.000 |   1.000 |   1.000 |   1.000 |  -1.000 |   0.000 |   2.000 |   1.000 |   1.000 |  -1.000 |   0.000 |   0.000 |   0.000 |
x4    0.000 |   0.000 |   0.000 |  -1.000 |   1.000 |   1.000 |   0.000 |  -1.000 |   0.000 |   1.000 |   0.000 |   0.000 |   0.000 |   0.000 |   0.000 |  -1.000 |   0.000 |   0.000 |   0.000 |   0.000 |   0.000 |   1.000 |  -1.000 |   0.000 |  -1.000 |   0.000 |   0.000 |   1.000 |  -1.000 |   1.000 |   1.000 |   0.000 |   1.000 |   0.000 |  -1.000 |   0.000 |   1.000 |   0.000 |  -1.000 |  -1.000 |   0.000 |   1.000 |   0.000 |   0.000 |   0.000 |
x42   0.000 |   0.000 |   0.000 |   1.000*|   0.000 |   0.000 |   1.000 |   1.000 |  -1.000 |   0.000 |   1.000 |  -1.000 |   0.000 |   1.000 |  -1.000 |  -1.000 |   0.000 |   0.000 |   0.000 |   1.000 |   0.000 |  -1.000 |   0.000 |   0.000 |  -1.000 |   1.000 |   1.000 |  -1.000 |   0.000 |   1.000 |   1.000 |   0.000 |   0.000 |  -1.000 |   0.000 |   0.000 |   1.000 |   0.000 |   0.000 |   0.000 |  -1.000 |   0.000 |   1.000 |   0.000 |   0.000 |
x43   1.000 |   0.000 |   0.000 |   1.000 |   0.000 |  -1.000 |   0.000 |   2.000 |   0.000 |  -1.000 |   1.000 |   0.000 |   0.000 |   0.000 |   1.000 |   1.000 |   1.000 |   1.000 |   0.000 |   0.000 |   0.000 |  -1.000 |   1.000 |   1.000 |   2.000 |   0.000 |   0.000 |  -1.000 |   1.000 |  -1.000 |   0.000 |   0.000 |   0.000 |   0.000 |   2.000 |   0.000 |  -1.000 |   1.000 |   1.000 |   1.000 |   0.000 |  -1.000 |   0.000 |   1.000 |   0.000 |
x44   1.000 |   0.000 |   0.000 |   0.000 |   0.000 |   1.000 |   1.000 |   1.000 |   0.000 |   1.000 |   0.000 |   1.000 |   0.000 |   0.000 |   0.000 |   1.000 |   1.000 |   1.000 |   1.000 |   1.000 |   1.000 |   1.000 |   0.000 |   1.000 |   1.000 |   1.000 |   1.000 |   1.000 |   1.000 |   1.000 |   1.000 |   0.000 |   1.000 |   1.000 |   0.000 |   0.000 |   1.000 |   0.000 |   1.000 |   0.000 |   0.000 |   0.000 |   0.000 |   0.000 |   1.000 |

Iteração 5
            | x1      | x2      | x3      | x4      | x5      | x6      | x7      | x8      | x9      | x10     | x11     | x12     | x13     | x14     | x15     | x16     | x17     | x18     | x19     | x20     | x21     | x22     | x23     | x24     | x25     | x26     | x27     | x28     | x29     | x30     | x31     | x32     | x33     | x34     | x35     | x36     | x37     | x38     | x39     | x40     | x41     | x42     | x43     | x44     |
     -2.000 |   0.000 |   0.000 |   0.000 |   0.000 |   0.000 |   0.000 |  -2.000 |  -1.000 |   0.000 |   0.000 |  -2.000 |   0.000 |   1.000 |  -2.000 |  -3.000 |  -2.000 |  -2.000 |  -1.000 |   0.000 |  -1.000 |  -1.000 |  -1.000 |  -2.000 |  -4.000 |   0.000 |   0.000 |  -1.000 |  -2.000 |   1.000 |   0.000 |   0.000 |  -1.000 |  -2.000 |  -2.000 |   0.000 |   1.000 |  -1.000 |  -2.000 |   0.000 |   0.000 |   2.000 |   2.000 |   0.000 |   0.000 |
---------------------------------------------------------------------------------------------------------------------------------------------------------------------------------------------------------------------------------------------------------------------------------------------------------------------------------------------------------------------------------------------------------------------------------------------------------------------
x2    1.000 |   0.000 |   1.000 |   0.000 |   0.000 |   0.000 |   0.000 |   0.000 |   2.000 |   0.000 |  -1.000 |   1.000 |   0.000 |  -1.000 |   1.000 |   2.000 |   0.000 |   1.000 |   1.000 |   0.000 |   0.000 |   1.000 |   1.000 |   1.000 |   2.000 |  -1.000 |  -1.000 |   1.000 |   1.000 |  -1.000 |  -1.000 |   0.000 |   0.000 |   2.000 |   1.000 |   0.000 |  -1.000 |   0.000 |   1.000 |   1.000 |   1.000 |   0.000 |  -1.000 |   0.000 |   0.000 |
x1    1.000 |   1.000 |   0.000 |   0.000 |   0.000 |  -1.000 |  -1.000 |   0.000 |   2.000 |  -1.000 |  -1.000 |   2.000 |   1.000 |  -1.000 |   2.000 |   3.000 |   1.000 |   1.000 |   0.000 |  -1.000 |   0.000 |   1.000 |   2.000 |   1.000 |   3.000 |  -1.000 |  -1.000 |   1.000 |   2.000 |  -2.000 |  -2.000 |   1.000 |  -1.000 |   2.000 |   1.000 |   1.000 |  -2.000 |   0.000 |   2.000 |   1.000 |   2.000 |  -1.000 |  -1.000 |   0.000 |   0.000 |
x4    0.000 |   0.000 |   0.000 |   0.000 |   1.000 |   1.000 |   1.000 |   0.000 |  -1.000 |   1.000 |   1.000 |  -1.000 |   0.000 |   1.000 |  -1.000 |  -2.000 |   0.000 |   0.000 |   0.000 |   1.000 |   0.000 |   0.000 |  -1.000 |   0.000 |  -2.000 |   1.000 |   1.000 |   0.000 |  -1.000 |   2.000 |   2.000 |   0.000 |   1.000 |  -1.000 |  -1.000 |   0.000 |   2.000 |   0.000 |  -1.000 |  -1.000 |  -1.000 |   1.000 |   1.000 |   0.000 |   0.000 |
x3    0.000 |   0.000 |   0.000 |   1.000 |   0.000 |   0.000 |   1.000 |   1.000*|  -1.000 |   0.000 |   1.000 |  -1.000 |   0.000 |   1.000 |  -1.000 |  -1.000 |   0.000 |   0.000 |   0.000 |   1.000 |   0.000 |  -1.000 |   0.000 |   0.000 |  -1.000 |   1.000 |   1.000 |  -1.000 |   0.000 |   1.000 |   1.000 |   0.000 |   0.000 |  -1.000 |   0.000 |   0.000 |   1.000 |   0.000 |   0.000 |   0.000 |  -1.000 |   0.000 |   1.000 |   0.000 |   0.000 |
x43   1.000 |   0.000 |   0.000 |   0.000 |   0.000 |  -1.000 |  -1.000 |   1.000 |   1.000 |  -1.000 |   0.000 |   1.000 |   0.000 |  -1.000 |   2.000 |   2.000 |   1.000 |   1.000 |   0.000 |  -1.000 |   0.000 |   0.000 |   1.000 |   1.000 |   3.000 |  -1.000 |  -1.000 |   0.000 |   1.000 |  -2.000 |  -1.000 |   0.000 |   0.000 |   1.000 |   2.000 |   0.000 |  -2.000 |   1.000 |   1.000 |   1.000 |   1.000 |  -1.000 |  -1.000 |   1.000 |   0.000 |
x44   1.000 |   0.000 |   0.000 |   0.000 |   0.000 |   1.000 |   1.000 |   1.000 |   0.000 |   1.000 |   0.000 |   1.000 |   0.000 |   0.000 |   0.000 |   1.000 |   1.000 |   1.000 |   1.000 |   1.000 |   1.000 |   1.000 |   0.000 |   1.000 |   1.000 |   1.000 |   1.000 |   1.000 |   1.000 |   1.000 |   1.000 |   0.000 |   1.000 |   1.000 |   0.000 |   0.000 |   1.000 |   0.000 |   1.000 |   0.000 |   0.000 |   0.000 |   0.000 |   0.000 |   1.000 |

Iteração 6
            | x1      | x2      | x3      | x4      | x5      | x6      | x7      | x8      | x9      | x10     | x11     | x12     | x13     | x14     | x15     | x16     | x17     | x18     | x19     | x20     | x21     | x22     | x23     | x24     | x25     | x26     | x27     | x28     | x29     | x30     | x31     | x32     | x33     | x34     | x35     | x36     | x37     | x38     | x39     | x40     | x41     | x42     | x43     | x44     |
     -2.000 |   0.000 |   0.000 |   2.000 |   0.000 |   0.000 |   2.000 |   0.000 |  -3.000 |   0.000 |   2.000 |  -4.000 |   0.000 |   3.000 |  -4.000 |  -5.000 |  -2.000 |  -2.000 |  -1.000 |   2.000 |  -1.000 |  -3.000 |  -1.000 |  -2.000 |  -6.000 |   2.000 |   2.000 |  -3.000 |  -2.000 |   3.000 |   2.000 |   0.000 |  -1.000 |  -4.000 |  -2.000 |   0.000 |   3.000 |  -1.000 |  -2.000 |   0.000 |  -2.000 |   2.000 |   4.000 |   0.000 |   0.000 |
---------------------------------------------------------------------------------------------------------------------------------------------------------------------------------------------------------------------------------------------------------------------------------------------------------------------------------------------------------------------------------------------------------------------------------------------------------------------
x2    1.000 |   0.000 |   1.000 |   0.000 |   0.000 |   0.000 |   0.000 |   0.000 |   2.000 |   0.000 |  -1.000 |   1.000 |   0.000 |  -1.000 |   1.000 |   2.000 |   0.000 |   1.000 |   1.000 |   0.000 |   0.000 |   1.000 |   1.000 |   1.000 |   2.000 |  -1.000 |  -1.000 |   1.000 |   1.000 |  -1.000 |  -1.000 |   0.000 |   0.000 |   2.000 |   1.000 |   0.000 |  -1.000 |   0.000 |   1.000 |   1.000 |   1.000 |   0.000 |  -1.000 |   0.000 |   0.000 |
x1    1.000 |   1.000 |   0.000 |   0.000 |   0.000 |  -1.000 |  -1.000 |   0.000 |   2.000*|  -1.000 |  -1.000 |   2.000 |   1.000 |  -1.000 |   2.000 |   3.000 |   1.000 |   1.000 |   0.000 |  -1.000 |   0.000 |   1.000 |   2.000 |   1.000 |   3.000 |  -1.000 |  -1.000 |   1.000 |   2.000 |  -2.000 |  -2.000 |   1.000 |  -1.000 |   2.000 |   1.000 |   1.000 |  -2.000 |   0.000 |   2.000 |   1.000 |   2.000 |  -1.000 |  -1.000 |   0.000 |   0.000 |
x4    0.000 |   0.000 |   0.000 |   0.000 |   1.000 |   1.000 |   1.000 |   0.000 |  -1.000 |   1.000 |   1.000 |  -1.000 |   0.000 |   1.000 |  -1.000 |  -2.000 |   0.000 |   0.000 |   0.000 |   1.000 |   0.000 |   0.000 |  -1.000 |   0.000 |  -2.000 |   1.000 |   1.000 |   0.000 |  -1.000 |   2.000 |   2.000 |   0.000 |   1.000 |  -1.000 |  -1.000 |   0.000 |   2.000 |   0.000 |  -1.000 |  -1.000 |  -1.000 |   1.000 |   1.000 |   0.000 |   0.000 |
x7    0.000 |   0.000 |   0.000 |   1.000 |   0.000 |   0.000 |   1.000 |   1.000 |  -1.000 |   0.000 |   1.000 |  -1.000 |   0.000 |   1.000 |  -1.000 |  -1.000 |   0.000 |   0.000 |   0.000 |   1.000 |   0.000 |  -1.000 |   0.000 |   0.000 |  -1.000 |   1.000 |   1.000 |  -1.000 |   0.000 |   1.000 |   1.000 |   0.000 |   0.000 |  -1.000 |   0.000 |   0.000 |   1.000 |   0.000 |   0.000 |   0.000 |  -1.000 |   0.000 |   1.000 |   0.000 |   0.000 |
x43   1.000 |   0.000 |   0.000 |  -1.000 |   0.000 |  -1.000 |  -2.000 |   0.000 |   2.000 |  -1.000 |  -1.000 |   2.000 |   0.000 |  -2.000 |   3.000 |   3.000 |   1.000 |   1.000 |   0.000 |  -2.000 |   0.000 |   1.000 |   1.000 |   1.000 |   4.000 |  -2.000 |  -2.000 |   1.000 |   1.000 |  -3.000 |  -2.000 |   0.000 |   0.000 |   2.000 |   2.000 |   0.000 |  -3.000 |   1.000 |   1.000 |   1.000 |   2.000 |  -1.000 |  -2.000 |   1.000 |   0.000 |
x44   1.000 |   0.000 |   0.000 |  -1.000 |   0.000 |   1.000 |   0.000 |   0.000 |   1.000 |   1.000 |  -1.000 |   2.000 |   0.000 |  -1.000 |   1.000 |   2.000 |   1.000 |   1.000 |   1.000 |   0.000 |   1.000 |   2.000 |   0.000 |   1.000 |   2.000 |   0.000 |   0.000 |   2.000 |   1.000 |   0.000 |   0.000 |   0.000 |   1.000 |   2.000 |   0.000 |   0.000 |   0.000 |   0.000 |   1.000 |   0.000 |   1.000 |   0.000 |  -1.000 |   0.000 |   1.000 |

Iteração 7
            | x1      | x2      | x3      | x4      | x5      | x6      | x7      | x8      | x9      | x10     | x11     | x12     | x13     | x14     | x15     | x16     | x17     | x18     | x19     | x20     | x21     | x22     | x23     | x24     | x25     | x26     | x27     | x28     | x29     | x30     | x31     | x32     | x33     | x34     | x35     | x36     | x37     | x38     | x39     | x40     | x41     | x42     | x43     | x44     |
     -0.500 |   1.500 |   0.000 |   2.000 |   0.000 |  -1.500 |   0.500 |   0.000 |   0.000 |  -1.500 |   0.500 |  -1.000 |   1.500 |   1.500 |  -1.000 |  -0.500 |  -0.500 |  -0.500 |  -1.000 |   0.500 |  -1.000 |  -1.500 |   2.000 |  -0.500 |  -1.500 |   0.500 |   0.500 |  -1.500 |   1.000 |   0.000 |  -1.000 |   1.500 |  -2.500 |  -1.000 |  -0.500 |   1.500 |   0.000 |  -1.000 |   1.000 |   1.500 |   1.000 |   0.500 |   2.500 |   0.000 |   0.000 |
---------------------------------------------------------------------------------------------------------------------------------------------------------------------------------------------------------------------------------------------------------------------------------------------------------------------------------------------------------------------------------------------------------------------------------------------------------------------
x2    0.000 |  -1.000 |   1.000 |   0.000 |   0.000 |   1.000*|   1.000 |   0.000 |   0.000 |   1.000 |   0.000 |  -1.000 |  -1.000 |   0.000 |  -1.000 |  -1.000 |  -1.000 |   0.000 |   1.000 |   1.000 |   0.000 |   0.000 |  -1.000 |   0.000 |  -1.000 |   0.000 |   0.000 |   0.000 |  -1.000 |   1.000 |   1.000 |  -1.000 |   1.000 |   0.000 |   0.000 |  -1.000 |   1.000 |   0.000 |  -1.000 |   0.000 |  -1.000 |   1.000 |   0.000 |   0.000 |   0.000 |
x8    0.500 |   0.500 |   0.000 |   0.000 |   0.000 |  -0.500 |  -0.500 |   0.000 |   1.000 |  -0.500 |  -0.500 |   1.000 |   0.500 |  -0.500 |   1.000 |   1.500 |   0.500 |   0.500 |   0.000 |  -0.500 |   0.000 |   0.500 |   1.000 |   0.500 |   1.500 |  -0.500 |  -0.500 |   0.500 |   1.000 |  -1.000 |  -1.000 |   0.500 |  -0.500 |   1.000 |   0.500 |   0.500 |  -1.000 |   0.000 |   1.000 |   0.500 |   1.000 |  -0.500 |  -0.500 |   0.000 |   0.000 |
x4    0.500 |   0.500 |   0.000 |   0.000 |   1.000 |   0.500 |   0.500 |   0.000 |   0.000 |   0.500 |   0.500 |   0.000 |   0.500 |   0.500 |   0.000 |  -0.500 |   0.500 |   0.500 |   0.000 |   0.500 |   0.000 |   0.500 |   0.000 |   0.500 |  -0.500 |   0.500 |   0.500 |   0.500 |   0.000 |   1.000 |   1.000 |   0.500 |   0.500 |   0.000 |  -0.500 |   0.500 |   1.000 |   0.000 |   0.000 |  -0.500 |   0.000 |   0.500 |   0.500 |   0.000 |   0.000 |
x7    0.500 |   0.500 |   0.000 |   1.000 |   0.000 |  -0.500 |   0.500 |   1.000 |   0.000 |  -0.500 |   0.500 |   0.000 |   0.500 |   0.500 |   0.000 |   0.500 |   0.500 |   0.500 |   0.000 |   0.500 |   0.000 |  -0.500 |   1.000 |   0.500 |   0.500 |   0.500 |   0.500 |  -0.500 |   1.000 |   0.000 |   0.000 |   0.500 |  -0.500 |   0.000 |   0.500 |   0.500 |   0.000 |   0.000 |   1.000 |   0.500 |   0.000 |  -0.500 |   0.500 |   0.000 |   0.000 |
x43   0.000 |  -1.000 |   0.000 |  -1.000 |   0.000 |   0.000 |  -1.000 |   0.000 |   0.000 |   0.000 |   0.000 |   0.000 |  -1.000 |  -1.000 |   1.000 |   0.000 |   0.000 |   0.000 |   0.000 |  -1.000 |   0.000 |   0.000 |  -1.000 |   0.000 |   1.000 |  -1.000 |  -1.000 |   0.000 |  -1.000 |  -1.000 |   0.000 |  -1.000 |   1.000 |   0.000 |   1.000 |  -1.000 |  -1.000 |   1.000 |  -1.000 |   0.000 |   0.000 |   0.000 |  -1.000 |   1.000 |   0.000 |
x44   0.500 |  -0.500 |   0.000 |  -1.000 |   0.000 |   1.500 |   0.500 |   0.000 |   0.000 |   1.500 |  -0.500 |   1.000 |  -0.500 |  -0.500 |   0.000 |   0.500 |   0.500 |   0.500 |   1.000 |   0.500 |   1.000 |   1.500 |  -1.000 |   0.500 |   0.500 |   0.500 |   0.500 |   1.500 |   0.000 |   1.000 |   1.000 |  -0.500 |   1.500 |   1.000 |  -0.500 |  -0.500 |   1.000 |   0.000 |   0.000 |  -0.500 |   0.000 |   0.500 |  -0.500 |   0.000 |   1.000 |

Iteração 8
            | x1      | x2      | x3      | x4      | x5      | x6      | x7      | x8      | x9      | x10     | x11     | x12     | x13     | x14     | x15     | x16     | x17     | x18     | x19     | x20     | x21     | x22     | x23     | x24     | x25     | x26     | x27     | x28     | x29     | x30     | x31     | x32     | x33     | x34     | x35     | x36     | x37     | x38     | x39     | x40     | x41     | x42     | x43     | x44     |
     -0.500 |   0.000 |   1.500 |   2.000 |   0.000 |   0.000 |   2.000 |   0.000 |   0.000 |   0.000 |   0.500 |  -2.500 |   0.000 |   1.500 |  -2.500 |  -2.000 |  -2.000 |  -0.500 |   0.500 |   2.000 |  -1.000 |  -1.500 |   0.500 |  -0.500 |  -3.000 |   0.500 |   0.500 |  -1.500 |  -0.500 |   1.500 |   0.500 |   0.000 |  -1.000 |  -1.000 |  -0.500 |   0.000 |   1.500 |  -1.000 |  -0.500 |   1.500 |  -0.500 |   2.000 |   2.500 |   0.000 |   0.000 |
---------------------------------------------------------------------------------------------------------------------------------------------------------------------------------------------------------------------------------------------------------------------------------------------------------------------------------------------------------------------------------------------------------------------------------------------------------------------
x5    0.000 |  -1.000 |   1.000 |   0.000 |   0.000 |   1.000 |   1.000 |   0.000 |   0.000 |   1.000 |   0.000 |  -1.000 |  -1.000 |   0.000 |  -1.000 |  -1.000 |  -1.000 |   0.000 |   1.000 |   1.000 |   0.000 |   0.000 |  -1.000 |   0.000 |  -1.000 |   0.000 |   0.000 |   0.000 |  -1.000 |   1.000 |   1.000 |  -1.000 |   1.000 |   0.000 |   0.000 |  -1.000 |   1.000 |   0.000 |  -1.000 |   0.000 |  -1.000 |   1.000 |   0.000 |   0.000 |   0.000 |
x8    0.500 |   0.000 |   0.500 |   0.000 |   0.000 |   0.000 |   0.000 |   0.000 |   1.000 |   0.000 |  -0.500 |   0.500 |   0.000 |  -0.500 |   0.500 |   1.000 |   0.000 |   0.500 |   0.500 |   0.000 |   0.000 |   0.500 |   0.500 |   0.500 |   1.000 |  -0.500 |  -0.500 |   0.500 |   0.500 |  -0.500 |  -0.500 |   0.000 |   0.000 |   1.000 |   0.500 |   0.000 |  -0.500 |   0.000 |   0.500 |   0.500 |   0.500 |   0.000 |  -0.500 |   0.000 |   0.000 |
x4    0.500 |   1.000 |  -0.500 |   0.000 |   1.000 |   0.000 |   0.000 |   0.000 |   0.000 |   0.000 |   0.500 |   0.500 |   1.000 |   0.500 |   0.500 |   0.000 |   1.000 |   0.500 |  -0.500 |   0.000 |   0.000 |   0.500 |   0.500 |   0.500 |   0.000 |   0.500 |   0.500 |   0.500 |   0.500 |   0.500 |   0.500 |   1.000 |   0.000 |   0.000 |  -0.500 |   1.000 |   0.500 |   0.000 |   0.500 |  -0.500 |   0.500 |   0.000 |   0.500 |   0.000 |   0.000 |
x7    0.500 |   0.000 |   0.500 |   1.000 |   0.000 |   0.000 |   1.000 |   1.000 |   0.000 |   0.000 |   0.500 |  -0.500 |   0.000 |   0.500 |  -0.500 |   0.000 |   0.000 |   0.500 |   0.500 |   1.000 |   0.000 |  -0.500 |   0.500 |   0.500 |   0.000 |   0.500 |   0.500 |  -0.500 |   0.500 |   0.500 |   0.500 |   0.000 |   0.000 |   0.000 |   0.500 |   0.000 |   0.500 |   0.000 |   0.500 |   0.500 |  -0.500 |   0.000 |   0.500 |   0.000 |   0.000 |
x43   0.000 |  -1.000 |   0.000 |  -1.000 |   0.000 |   0.000 |  -1.000 |   0.000 |   0.000 |   0.000 |   0.000 |   0.000 |  -1.000 |  -1.000 |   1.000 |   0.000 |   0.000 |   0.000 |   0.000 |  -1.000 |   0.000 |   0.000 |  -1.000 |   0.000 |   1.000 |  -1.000 |  -1.000 |   0.000 |  -1.000 |  -1.000 |   0.000 |  -1.000 |   1.000 |   0.000 |   1.000 |  -1.000 |  -1.000 |   1.000 |  -1.000 |   0.000 |   0.000 |   0.000 |  -1.000 |   1.000 |   0.000 |
x44   0.500 |   1.000 |  -1.500 |  -1.000 |   0.000 |   0.000 |  -1.000 |   0.000 |   0.000 |   0.000 |  -0.500 |   2.500*|   1.000 |  -0.500 |   1.500 |   2.000 |   2.000 |   0.500 |  -0.500 |  -1.000 |   1.000 |   1.500 |   0.500 |   0.500 |   2.000 |   0.500 |   0.500 |   1.500 |   1.500 |  -0.500 |  -0.500 |   1.000 |   0.000 |   1.000 |  -0.500 |   1.000 |  -0.500 |   0.000 |   1.500 |  -0.500 |   1.500 |  -1.000 |  -0.500 |   0.000 |   1.000 |

Iteração 9
            | x1      | x2      | x3      | x4      | x5      | x6      | x7      | x8      | x9      | x10     | x11     | x12     | x13     | x14     | x15     | x16     | x17     | x18     | x19     | x20     | x21     | x22     | x23     | x24     | x25     | x26     | x27     | x28     | x29     | x30     | x31     | x32     | x33     | x34     | x35     | x36     | x37     | x38     | x39     | x40     | x41     | x42     | x43     | x44     |
      0.000 |   1.000 |   0.000 |   1.000 |   0.000 |   0.000 |   1.000 |   0.000 |   0.000 |   0.000 |   0.000 |   0.000 |   1.000 |   1.000 |  -1.000 |   0.000 |   0.000 |   0.000 |   0.000 |   1.000 |   0.000 |   0.000 |   1.000 |   0.000 |  -1.000 |   1.000 |   1.000 |   0.000 |   1.000 |   1.000 |   0.000 |   1.000 |  -1.000 |   0.000 |  -1.000 |   1.000 |   1.000 |  -1.000 |   1.000 |   1.000 |   1.000 |   1.000 |   2.000 |   0.000 |   1.000 |
---------------------------------------------------------------------------------------------------------------------------------------------------------------------------------------------------------------------------------------------------------------------------------------------------------------------------------------------------------------------------------------------------------------------------------------------------------------------
x5    0.200 |  -0.600 |   0.400 |  -0.400 |   0.000 |   1.000 |   0.600 |   0.000 |   0.000 |   1.000 |  -0.200 |   0.000 |  -0.600 |  -0.200 |  -0.400 |  -0.200 |  -0.200 |   0.200 |   0.800 |   0.600 |   0.400 |   0.600 |  -0.800 |   0.200 |  -0.200 |   0.200 |   0.200 |   0.600 |  -0.400 |   0.800 |   0.800 |  -0.600 |   1.000 |   0.400 |  -0.200 |  -0.600 |   0.800 |   0.000 |  -0.400 |  -0.200 |  -0.400 |   0.600 |  -0.200 |   0.000 |   0.400 |
x8    0.400 |  -0.200 |   0.800 |   0.200 |   0.000 |   0.000 |   0.200 |   0.000 |   1.000 |   0.000 |  -0.400 |   0.000 |  -0.200 |  -0.400 |   0.200 |   0.600 |  -0.400 |   0.400 |   0.600 |   0.200 |  -0.200 |   0.200 |   0.400 |   0.400 |   0.600 |  -0.600 |  -0.600 |   0.200 |   0.200 |  -0.400 |  -0.400 |  -0.200 |   0.000 |   0.800 |   0.600 |  -0.200 |  -0.400 |   0.000 |   0.200 |   0.600 |   0.200 |   0.200 |  -0.400 |   0.000 |  -0.200 |
x4    0.400 |   0.800 |  -0.200 |   0.200 |   1.000 |   0.000 |   0.200 |   0.000 |   0.000 |   0.000 |   0.600 |   0.000 |   0.800 |   0.600 |   0.200 |  -0.400 |   0.600 |   0.400 |  -0.400 |   0.200 |  -0.200 |   0.200 |   0.400 |   0.400 |  -0.400 |   0.400 |   0.400 |   0.200 |   0.200 |   0.600 |   0.600 |   0.800 |   0.000 |  -0.200 |  -0.400 |   0.800 |   0.600 |   0.000 |   0.200 |  -0.400 |   0.200 |   0.200 |   0.600 |   0.000 |  -0.200 |
x7    0.600 |   0.200 |   0.200 |   0.800 |   0.000 |   0.000 |   0.800 |   1.000 |   0.000 |   0.000 |   0.400 |   0.000 |   0.200 |   0.400 |  -0.200 |   0.400 |   0.400 |   0.600 |   0.400 |   0.800 |   0.200 |  -0.200 |   0.600 |   0.600 |   0.400 |   0.600 |   0.600 |  -0.200 |   0.800 |   0.400 |   0.400 |   0.200 |   0.000 |   0.200 |   0.400 |   0.200 |   0.400 |   0.000 |   0.800 |   0.400 |  -0.200 |  -0.200 |   0.400 |   0.000 |   0.200 |
x43   0.000 |  -1.000 |   0.000 |  -1.000 |   0.000 |   0.000 |  -1.000 |   0.000 |   0.000 |   0.000 |   0.000 |   0.000 |  -1.000 |  -1.000 |   1.000*|   0.000 |   0.000 |   0.000 |   0.000 |  -1.000 |   0.000 |   0.000 |  -1.000 |   0.000 |   1.000 |  -1.000 |  -1.000 |   0.000 |  -1.000 |  -1.000 |   0.000 |  -1.000 |   1.000 |   0.000 |   1.000 |  -1.000 |  -1.000 |   1.000 |  -1.000 |   0.000 |   0.000 |   0.000 |  -1.000 |   1.000 |   0.000 |
x11   0.200 |   0.400 |  -0.600 |  -0.400 |   0.000 |   0.000 |  -0.400 |   0.000 |   0.000 |   0.000 |  -0.200 |   1.000 |   0.400 |  -0.200 |   0.600 |   0.800 |   0.800 |   0.200 |  -0.200 |  -0.400 |   0.400 |   0.600 |   0.200 |   0.200 |   0.800 |   0.200 |   0.200 |   0.600 |   0.600 |  -0.200 |  -0.200 |   0.400 |   0.000 |   0.400 |  -0.200 |   0.400 |  -0.200 |   0.000 |   0.600 |  -0.200 |   0.600 |  -0.400 |  -0.200 |   0.000 |   0.400 |

Iteração 10
            | x1      | x2      | x3      | x4      | x5      | x6      | x7      | x8      | x9      | x10     | x11     | x12     | x13     | x14     | x15     | x16     | x17     | x18     | x19     | x20     | x21     | x22     | x23     | x24     | x25     | x26     | x27     | x28     | x29     | x30     | x31     | x32     | x33     | x34     | x35     | x36     | x37     | x38     | x39     | x40     | x41     | x42     | x43     | x44     |
      0.000 |   0.000 |   0.000 |   0.000 |   0.000 |   0.000 |   0.000 |   0.000 |   0.000 |   0.000 |   0.000 |   0.000 |   0.000 |   0.000 |   0.000 |   0.000 |   0.000 |   0.000 |   0.000 |   0.000 |   0.000 |   0.000 |   0.000 |   0.000 |   0.000 |   0.000 |   0.000 |   0.000 |   0.000 |   0.000 |   0.000 |   0.000 |   0.000 |   0.000 |   0.000 |   0.000 |   0.000 |   0.000 |   0.000 |   1.000 |   1.000 |   1.000 |   1.000 |   1.000 |   1.000 |
---------------------------------------------------------------------------------------------------------------------------------------------------------------------------------------------------------------------------------------------------------------------------------------------------------------------------------------------------------------------------------------------------------------------------------------------------------------------
x5    0.200 |  -1.000 |   0.400 |  -0.800 |   0.000 |   1.000 |   0.200 |   0.000 |   0.000 |   1.000 |  -0.200 |   0.000 |  -1.000 |  -0.600 |   0.000 |  -0.200 |  -0.200 |   0.200 |   0.800 |   0.200 |   0.400 |   0.600 |  -1.200 |   0.200 |   0.200 |  -0.200 |  -0.200 |   0.600 |  -0.800 |   0.400 |   0.800 |  -1.000 |   1.400 |   0.400 |   0.200 |  -1.000 |   0.400 |   0.400 |  -0.800 |  -0.200 |  -0.400 |   0.600 |  -0.600 |   0.400 |   0.400 |
x8    0.400 |   0.000 |   0.800 |   0.400 |   0.000 |   0.000 |   0.400 |   0.000 |   1.000 |   0.000 |  -0.400 |   0.000 |   0.000 |  -0.200 |   0.000 |   0.600 |  -0.400 |   0.400 |   0.600 |   0.400 |  -0.200 |   0.200 |   0.600 |   0.400 |   0.400 |  -0.400 |  -0.400 |   0.200 |   0.400 |  -0.200 |  -0.400 |   0.000 |  -0.200 |   0.800 |   0.400 |   0.000 |  -0.200 |  -0.200 |   0.400 |   0.600 |   0.200 |   0.200 |  -0.200 |  -0.200 |  -0.200 |
x4    0.400 |   1.000 |  -0.200 |   0.400 |   1.000 |   0.000 |   0.400 |   0.000 |   0.000 |   0.000 |   0.600 |   0.000 |   1.000 |   0.800 |   0.000 |  -0.400 |   0.600 |   0.400 |  -0.400 |   0.400 |  -0.200 |   0.200 |   0.600 |   0.400 |  -0.600 |   0.600 |   0.600 |   0.200 |   0.400 |   0.800 |   0.600 |   1.000 |  -0.200 |  -0.200 |  -0.600 |   1.000 |   0.800 |  -0.200 |   0.400 |  -0.400 |   0.200 |   0.200 |   0.800 |  -0.200 |  -0.200 |
x7    0.600 |   0.000 |   0.200 |   0.600 |   0.000 |   0.000 |   0.600 |   1.000 |   0.000 |   0.000 |   0.400 |   0.000 |   0.000 |   0.200 |   0.000 |   0.400 |   0.400 |   0.600 |   0.400 |   0.600 |   0.200 |  -0.200 |   0.400 |   0.600 |   0.600 |   0.400 |   0.400 |  -0.200 |   0.600 |   0.200 |   0.400 |   0.000 |   0.200 |   0.200 |   0.600 |   0.000 |   0.200 |   0.200 |   0.600 |   0.400 |  -0.200 |  -0.200 |   0.200 |   0.200 |   0.200 |
x14   0.000 |  -1.000 |   0.000 |  -1.000 |   0.000 |   0.000 |  -1.000 |   0.000 |   0.000 |   0.000 |   0.000 |   0.000 |  -1.000 |  -1.000 |   1.000 |   0.000 |   0.000 |   0.000 |   0.000 |  -1.000 |   0.000 |   0.000 |  -1.000 |   0.000 |   1.000 |  -1.000 |  -1.000 |   0.000 |  -1.000 |  -1.000 |   0.000 |  -1.000 |   1.000 |   0.000 |   1.000 |  -1.000 |  -1.000 |   1.000 |  -1.000 |   0.000 |   0.000 |   0.000 |  -1.000 |   1.000 |   0.000 |
x11   0.200 |   1.000 |  -0.600 |   0.200 |   0.000 |   0.000 |   0.200 |   0.000 |   0.000 |   0.000 |  -0.200 |   1.000 |   1.000 |   0.400 |   0.000 |   0.800 |   0.800 |   0.200 |  -0.200 |   0.200 |   0.400 |   0.600 |   0.800 |   0.200 |   0.200 |   0.800 |   0.800 |   0.600 |   1.200 |   0.400 |  -0.200 |   1.000 |  -0.600 |   0.400 |  -0.800 |   1.000 |   0.400 |  -0.600 |   1.200 |  -0.200 |   0.600 |  -0.400 |   0.400 |  -0.600 |   0.400 |

Iteração 11
            | x1      | x2      | x3      | x4      | x5      | x6      | x7      | x8      | x9      | x10     | x11     | x12     | x13     | x14     | x15     | x16     | x17     | x18     | x19     | x20     | x21     | x22     | x23     | x24     | x25     | x26     | x27     | x28     | x29     | x30     | x31     | x32     | x33     | x34     | x35     | x36     | x37     | x38     |
      0.000 |   0.000 |   0.000 |   0.000 |   0.000 |   0.000 |   0.000 |   0.000 |   0.000 |   0.000 |   0.000 |   0.000 |   0.000 |   0.000 |   0.000 |   0.000 |   0.000 |   0.000 |   0.000 |   0.000 |   0.000 |   0.000 |   0.000 |   0.000 |   0.000 |   0.000 |   0.000 |   0.000 |   0.000 |   0.000 |   0.000 |   0.000 |   0.000 |   0.000 |   0.000 |   0.000 |   0.000 |   0.000 |   0.000 |
---------------------------------------------------------------------------------------------------------------------------------------------------------------------------------------------------------------------------------------------------------------------------------------------------------------------------------------------------------------------------------------------------------
x5    0.200 |  -1.000 |   0.400 |  -0.800 |   0.000 |   1.000 |   0.200 |   0.000 |   0.000 |   1.000 |  -0.200 |   0.000 |  -1.000 |  -0.600 |   0.000 |  -0.200 |  -0.200 |   0.200 |   0.800 |   0.200 |   0.400 |   0.600 |  -1.200 |   0.200 |   0.200 |  -0.200 |  -0.200 |   0.600 |  -0.800 |   0.400 |   0.800 |  -1.000 |   1.400 |   0.400 |   0.200 |  -1.000 |   0.400 |   0.400 |  -0.800 |
x8    0.400 |   0.000 |   0.800 |   0.400 |   0.000 |   0.000 |   0.400 |   0.000 |   1.000 |   0.000 |  -0.400 |   0.000 |   0.000 |  -0.200 |   0.000 |   0.600 |  -0.400 |   0.400 |   0.600 |   0.400 |  -0.200 |   0.200 |   0.600 |   0.400 |   0.400 |  -0.400 |  -0.400 |   0.200 |   0.400 |  -0.200 |  -0.400 |   0.000 |  -0.200 |   0.800 |   0.400 |   0.000 |  -0.200 |  -0.200 |   0.400 |
x4    0.400 |   1.000 |  -0.200 |   0.400 |   1.000 |   0.000 |   0.400 |   0.000 |   0.000 |   0.000 |   0.600 |   0.000 |   1.000 |   0.800 |   0.000 |  -0.400 |   0.600 |   0.400 |  -0.400 |   0.400 |  -0.200 |   0.200 |   0.600 |   0.400 |  -0.600 |   0.600 |   0.600 |   0.200 |   0.400 |   0.800 |   0.600 |   1.000 |  -0.200 |  -0.200 |  -0.600 |   1.000 |   0.800 |  -0.200 |   0.400 |
x7    0.600 |   0.000 |   0.200 |   0.600 |   0.000 |   0.000 |   0.600 |   1.000 |   0.000 |   0.000 |   0.400 |   0.000 |   0.000 |   0.200 |   0.000 |   0.400 |   0.400 |   0.600 |   0.400 |   0.600 |   0.200 |  -0.200 |   0.400 |   0.600 |   0.600 |   0.400 |   0.400 |  -0.200 |   0.600 |   0.200 |   0.400 |   0.000 |   0.200 |   0.200 |   0.600 |   0.000 |   0.200 |   0.200 |   0.600 |
x14   0.000 |  -1.000 |   0.000 |  -1.000 |   0.000 |   0.000 |  -1.000 |   0.000 |   0.000 |   0.000 |   0.000 |   0.000 |  -1.000 |  -1.000 |   1.000 |   0.000 |   0.000 |   0.000 |   0.000 |  -1.000 |   0.000 |   0.000 |  -1.000 |   0.000 |   1.000 |  -1.000 |  -1.000 |   0.000 |  -1.000 |  -1.000 |   0.000 |  -1.000 |   1.000 |   0.000 |   1.000 |  -1.000 |  -1.000 |   1.000 |  -1.000 |
x11   0.200 |   1.000 |  -0.600 |   0.200 |   0.000 |   0.000 |   0.200 |   0.000 |   0.000 |   0.000 |  -0.200 |   1.000 |   1.000 |   0.400 |   0.000 |   0.800 |   0.800 |   0.200 |  -0.200 |   0.200 |   0.400 |   0.600 |   0.800 |   0.200 |   0.200 |   0.800 |   0.800 |   0.600 |   1.200 |   0.400 |  -0.200 |   1.000 |  -0.600 |   0.400 |  -0.800 |   1.000 |   0.400 |  -0.600 |   1.200 |

Simplex: Fase 2

Iteração 1
            | x1      | x2      | x3      | x4      | x5      | x6      | x7      | x8      | x9      | x10     | x11     | x12     | x13     | x14     | x15     | x16     | x17     | x18     | x19     | x20     | x21     | x22     | x23     | x24     | x25     | x26     | x27     | x28     | x29     | x30     | x31     | x32     | x33     | x34     | x35     | x36     | x37     | x38     |
     -0.821 |   1.993 |  -0.444 |   0.698 |   0.000 |   0.000 |   0.388 |   0.000 |   0.000 |  -0.780 |   1.363 |   0.000 |   1.094 |   1.891 |   0.000 |   0.447 |   0.408 |  -0.446 |  -0.434 |  -0.142 |  -0.174 |  -0.410 |   1.673 |  -0.424 |  -0.392 |   1.097 |   0.899 |   0.094 |   1.142 |   0.406 |  -0.480 |   1.527 |  -0.996 |  -0.678 |  -0.623 |   1.287 |   0.980 |  -0.038 |   1.170 |
---------------------------------------------------------------------------------------------------------------------------------------------------------------------------------------------------------------------------------------------------------------------------------------------------------------------------------------------------------------------------------------------------------
x5    0.200 |  -1.000 |   0.400*|  -0.800 |   0.000 |   1.000 |   0.200 |   0.000 |   0.000 |   1.000 |  -0.200 |   0.000 |  -1.000 |  -0.600 |   0.000 |  -0.200 |  -0.200 |   0.200 |   0.800 |   0.200 |   0.400 |   0.600 |  -1.200 |   0.200 |   0.200 |  -0.200 |  -0.200 |   0.600 |  -0.800 |   0.400 |   0.800 |  -1.000 |   1.400 |   0.400 |   0.200 |  -1.000 |   0.400 |   0.400 |  -0.800 |
x8    0.400 |   0.000 |   0.800 |   0.400 |   0.000 |   0.000 |   0.400 |   0.000 |   1.000 |   0.000 |  -0.400 |   0.000 |   0.000 |  -0.200 |   0.000 |   0.600 |  -0.400 |   0.400 |   0.600 |   0.400 |  -0.200 |   0.200 |   0.600 |   0.400 |   0.400 |  -0.400 |  -0.400 |   0.200 |   0.400 |  -0.200 |  -0.400 |   0.000 |  -0.200 |   0.800 |   0.400 |   0.000 |  -0.200 |  -0.200 |   0.400 |
x4    0.400 |   1.000 |  -0.200 |   0.400 |   1.000 |   0.000 |   0.400 |   0.000 |   0.000 |   0.000 |   0.600 |   0.000 |   1.000 |   0.800 |   0.000 |  -0.400 |   0.600 |   0.400 |  -0.400 |   0.400 |  -0.200 |   0.200 |   0.600 |   0.400 |  -0.600 |   0.600 |   0.600 |   0.200 |   0.400 |   0.800 |   0.600 |   1.000 |  -0.200 |  -0.200 |  -0.600 |   1.000 |   0.800 |  -0.200 |   0.400 |
x7    0.600 |   0.000 |   0.200 |   0.600 |   0.000 |   0.000 |   0.600 |   1.000 |   0.000 |   0.000 |   0.400 |   0.000 |   0.000 |   0.200 |   0.000 |   0.400 |   0.400 |   0.600 |   0.400 |   0.600 |   0.200 |  -0.200 |   0.400 |   0.600 |   0.600 |   0.400 |   0.400 |  -0.200 |   0.600 |   0.200 |   0.400 |   0.000 |   0.200 |   0.200 |   0.600 |   0.000 |   0.200 |   0.200 |   0.600 |
x14   0.000 |  -1.000 |   0.000 |  -1.000 |   0.000 |   0.000 |  -1.000 |   0.000 |   0.000 |   0.000 |   0.000 |   0.000 |  -1.000 |  -1.000 |   1.000 |   0.000 |   0.000 |   0.000 |   0.000 |  -1.000 |   0.000 |   0.000 |  -1.000 |   0.000 |   1.000 |  -1.000 |  -1.000 |   0.000 |  -1.000 |  -1.000 |   0.000 |  -1.000 |   1.000 |   0.000 |   1.000 |  -1.000 |  -1.000 |   1.000 |  -1.000 |
x11   0.200 |   1.000 |  -0.600 |   0.200 |   0.000 |   0.000 |   0.200 |   0.000 |   0.000 |   0.000 |  -0.200 |   1.000 |   1.000 |   0.400 |   0.000 |   0.800 |   0.800 |   0.200 |  -0.200 |   0.200 |   0.400 |   0.600 |   0.800 |   0.200 |   0.200 |   0.800 |   0.800 |   0.600 |   1.200 |   0.400 |  -0.200 |   1.000 |  -0.600 |   0.400 |  -0.800 |   1.000 |   0.400 |  -0.600 |   1.200 |

Iteração 2
            | x1      | x2      | x3      | x4      | x5      | x6      | x7      | x8      | x9      | x10     | x11     | x12     | x13     | x14     | x15     | x16     | x17     | x18     | x19     | x20     | x21     | x22     | x23     | x24     | x25     | x26     | x27     | x28     | x29     | x30     | x31     | x32     | x33     | x34     | x35     | x36     | x37     | x38     |
     -0.599 |   0.885 |   0.000 |  -0.189 |   0.000 |   1.109 |   0.610 |   0.000 |   0.000 |   0.329 |   1.142 |   0.000 |  -0.014 |   1.226 |   0.000 |   0.225 |   0.187 |  -0.224 |   0.453 |   0.079 |   0.270 |   0.255 |   0.342 |  -0.202 |  -0.170 |   0.875 |   0.677 |   0.759 |   0.255 |   0.849 |   0.407 |   0.419 |   0.557 |  -0.234 |  -0.401 |   0.178 |   1.424 |   0.406 |   0.283 |
---------------------------------------------------------------------------------------------------------------------------------------------------------------------------------------------------------------------------------------------------------------------------------------------------------------------------------------------------------------------------------------------------------
x2    0.500 |  -2.500 |   1.000 |  -2.000 |   0.000 |   2.500 |   0.500 |   0.000 |   0.000 |   2.500 |  -0.500 |   0.000 |  -2.500 |  -1.500 |   0.000 |  -0.500 |  -0.500 |   0.500 |   2.000 |   0.500 |   1.000 |   1.500 |  -3.000 |   0.500 |   0.500 |  -0.500 |  -0.500 |   1.500 |  -2.000 |   1.000 |   2.000 |  -2.500 |   3.500 |   1.000 |   0.500 |  -2.500 |   1.000 |   1.000 |  -2.000 |
x8    0.000 |   2.000 |   0.000 |   2.000*|   0.000 |  -2.000 |   0.000 |   0.000 |   1.000 |  -2.000 |   0.000 |   0.000 |   2.000 |   1.000 |   0.000 |   1.000 |  -0.000 |   0.000 |  -1.000 |   0.000 |  -1.000 |  -1.000 |   3.000 |   0.000 |  -0.000 |   0.000 |   0.000 |  -1.000 |   2.000 |  -1.000 |  -2.000 |   2.000 |  -3.000 |   0.000 |  -0.000 |   2.000 |  -1.000 |  -1.000 |   2.000 |
x4    0.500 |   0.500 |   0.000 |   0.000 |   1.000 |   0.500 |   0.500 |   0.000 |   0.000 |   0.500 |   0.500 |   0.000 |   0.500 |   0.500 |   0.000 |  -0.500 |   0.500 |   0.500 |   0.000 |   0.500 |   0.000 |   0.500 |   0.000 |   0.500 |  -0.500 |   0.500 |   0.500 |   0.500 |   0.000 |   1.000 |   1.000 |   0.500 |   0.500 |   0.000 |  -0.500 |   0.500 |   1.000 |   0.000 |   0.000 |
x7    0.500 |   0.500 |   0.000 |   1.000 |   0.000 |  -0.500 |   0.500 |   1.000 |   0.000 |  -0.500 |   0.500 |   0.000 |   0.500 |   0.500 |   0.000 |   0.500 |   0.500 |   0.500 |   0.000 |   0.500 |   0.000 |  -0.500 |   1.000 |   0.500 |   0.500 |   0.500 |   0.500 |  -0.500 |   1.000 |   0.000 |   0.000 |   0.500 |  -0.500 |   0.000 |   0.500 |   0.500 |   0.000 |   0.000 |   1.000 |
x14   0.000 |  -1.000 |   0.000 |  -1.000 |   0.000 |   0.000 |  -1.000 |   0.000 |   0.000 |   0.000 |   0.000 |   0.000 |  -1.000 |  -1.000 |   1.000 |   0.000 |   0.000 |   0.000 |   0.000 |  -1.000 |   0.000 |   0.000 |  -1.000 |   0.000 |   1.000 |  -1.000 |  -1.000 |   0.000 |  -1.000 |  -1.000 |   0.000 |  -1.000 |   1.000 |   0.000 |   1.000 |  -1.000 |  -1.000 |   1.000 |  -1.000 |
x11   0.500 |  -0.500 |   0.000 |  -1.000 |   0.000 |   1.500 |   0.500 |   0.000 |   0.000 |   1.500 |  -0.500 |   1.000 |  -0.500 |  -0.500 |   0.000 |   0.500 |   0.500 |   0.500 |   1.000 |   0.500 |   1.000 |   1.500 |  -1.000 |   0.500 |   0.500 |   0.500 |   0.500 |   1.500 |   0.000 |   1.000 |   1.000 |  -0.500 |   1.500 |   1.000 |  -0.500 |  -0.500 |   1.000 |   0.000 |   0.000 |

Iteração 3
            | x1      | x2      | x3      | x4      | x5      | x6      | x7      | x8      | x9      | x10     | x11     | x12     | x13     | x14     | x15     | x16     | x17     | x18     | x19     | x20     | x21     | x22     | x23     | x24     | x25     | x26     | x27     | x28     | x29     | x30     | x31     | x32     | x33     | x34     | x35     | x36     | x37     | x38     |
     -0.599 |   1.073 |   0.000 |   0.000 |   0.000 |   0.920 |   0.610 |   0.000 |   0.094 |   0.140 |   1.142 |   0.000 |   0.174 |   1.320 |   0.000 |   0.319 |   0.187 |  -0.224 |   0.359 |   0.079 |   0.175 |   0.161 |   0.625 |  -0.202 |  -0.170 |   0.875 |   0.677 |   0.665 |   0.444 |   0.755 |   0.218 |   0.607 |   0.273 |  -0.234 |  -0.401 |   0.367 |   1.329 |   0.311 |   0.471 |
---------------------------------------------------------------------------------------------------------------------------------------------------------------------------------------------------------------------------------------------------------------------------------------------------------------------------------------------------------------------------------------------------------
x2    0.500 |  -0.500 |   1.000 |   0.000 |   0.000 |   0.500 |   0.500 |   0.000 |   1.000 |   0.500 |  -0.500 |   0.000 |  -0.500 |  -0.500 |   0.000 |   0.500 |  -0.500 |   0.500*|   1.000 |   0.500 |   0.000 |   0.500 |   0.000 |   0.500 |   0.500 |  -0.500 |  -0.500 |   0.500 |   0.000 |   0.000 |   0.000 |  -0.500 |   0.500 |   1.000 |   0.500 |  -0.500 |   0.000 |   0.000 |   0.000 |
x3    0.000 |   1.000 |   0.000 |   1.000 |   0.000 |  -1.000 |   0.000 |   0.000 |   0.500 |  -1.000 |   0.000 |   0.000 |   1.000 |   0.500 |   0.000 |   0.500 |  -0.000 |   0.000 |  -0.500 |   0.000 |  -0.500 |  -0.500 |   1.500 |   0.000 |  -0.000 |   0.000 |   0.000 |  -0.500 |   1.000 |  -0.500 |  -1.000 |   1.000 |  -1.500 |   0.000 |  -0.000 |   1.000 |  -0.500 |  -0.500 |   1.000 |
x4    0.500 |   0.500 |   0.000 |   0.000 |   1.000 |   0.500 |   0.500 |   0.000 |   0.000 |   0.500 |   0.500 |   0.000 |   0.500 |   0.500 |   0.000 |  -0.500 |   0.500 |   0.500 |   0.000 |   0.500 |   0.000 |   0.500 |   0.000 |   0.500 |  -0.500 |   0.500 |   0.500 |   0.500 |   0.000 |   1.000 |   1.000 |   0.500 |   0.500 |   0.000 |  -0.500 |   0.500 |   1.000 |   0.000 |   0.000 |
x7    0.500 |  -0.500 |   0.000 |   0.000 |   0.000 |   0.500 |   0.500 |   1.000 |  -0.500 |   0.500 |   0.500 |   0.000 |  -0.500 |  -0.000 |   0.000 |   0.000 |   0.500 |   0.500 |   0.500 |   0.500 |   0.500 |   0.000 |  -0.500 |   0.500 |   0.500 |   0.500 |   0.500 |   0.000 |   0.000 |   0.500 |   1.000 |  -0.500 |   1.000 |   0.000 |   0.500 |  -0.500 |   0.500 |   0.500 |   0.000 |
x14   0.000 |   0.000 |   0.000 |   0.000 |   0.000 |  -1.000 |  -1.000 |   0.000 |   0.500 |  -1.000 |   0.000 |   0.000 |   0.000 |  -0.500 |   1.000 |   0.500 |  -0.000 |   0.000 |  -0.500 |  -1.000 |  -0.500 |  -0.500 |   0.500 |   0.000 |   1.000 |  -1.000 |  -1.000 |  -0.500 |   0.000 |  -1.500 |  -1.000 |   0.000 |  -0.500 |   0.000 |   1.000 |   0.000 |  -1.500 |   0.500 |   0.000 |
x11   0.500 |   0.500 |   0.000 |   0.000 |   0.000 |   0.500 |   0.500 |   0.000 |   0.500 |   0.500 |  -0.500 |   1.000 |   0.500 |  -0.000 |   0.000 |   1.000 |   0.500 |   0.500 |   0.500 |   0.500 |   0.500 |   1.000 |   0.500 |   0.500 |   0.500 |   0.500 |   0.500 |   1.000 |   1.000 |   0.500 |   0.000 |   0.500 |  -0.000 |   1.000 |  -0.500 |   0.500 |   0.500 |  -0.500 |   1.000 |

Iteração 4
            | x1      | x2      | x3      | x4      | x5      | x6      | x7      | x8      | x9      | x10     | x11     | x12     | x13     | x14     | x15     | x16     | x17     | x18     | x19     | x20     | x21     | x22     | x23     | x24     | x25     | x26     | x27     | x28     | x29     | x30     | x31     | x32     | x33     | x34     | x35     | x36     | x37     | x38     |
     -0.375 |   0.849 |   0.448 |   0.000 |   0.000 |   1.144 |   0.834 |   0.000 |   0.542 |   0.364 |   0.918 |   0.000 |  -0.050 |   1.096 |   0.000 |   0.543 |  -0.037 |   0.000 |   0.807 |   0.303 |   0.175 |   0.385 |   0.625 |   0.022 |   0.054 |   0.651 |   0.453 |   0.889 |   0.444 |   0.755 |   0.218 |   0.383 |   0.497 |   0.214 |  -0.177 |   0.143 |   1.329 |   0.311 |   0.471 |
---------------------------------------------------------------------------------------------------------------------------------------------------------------------------------------------------------------------------------------------------------------------------------------------------------------------------------------------------------------------------------------------------------
x17   1.000 |  -1.000 |   2.000 |   0.000 |   0.000 |   1.000 |   1.000 |   0.000 |   2.000 |   1.000 |  -1.000 |   0.000 |  -1.000 |  -1.000 |   0.000 |   1.000 |  -1.000 |   1.000 |   2.000 |   1.000 |   0.000 |   1.000 |   0.000 |   1.000 |   1.000 |  -1.000 |  -1.000 |   1.000 |   0.000 |   0.000 |   0.000 |  -1.000 |   1.000 |   2.000 |   1.000 |  -1.000 |   0.000 |   0.000 |   0.000 |
x3    0.000 |   1.000 |   0.000 |   1.000 |   0.000 |  -1.000 |   0.000 |   0.000 |   0.500 |  -1.000 |   0.000 |   0.000 |   1.000*|   0.500 |   0.000 |   0.500 |  -0.000 |   0.000 |  -0.500 |   0.000 |  -0.500 |  -0.500 |   1.500 |   0.000 |  -0.000 |   0.000 |   0.000 |  -0.500 |   1.000 |  -0.500 |  -1.000 |   1.000 |  -1.500 |   0.000 |  -0.000 |   1.000 |  -0.500 |  -0.500 |   1.000 |
x4    0.000 |   1.000 |  -1.000 |   0.000 |   1.000 |   0.000 |   0.000 |   0.000 |  -1.000 |   0.000 |   1.000 |   0.000 |   1.000 |   1.000 |   0.000 |  -1.000 |   1.000 |   0.000 |  -1.000 |   0.000 |   0.000 |   0.000 |   0.000 |   0.000 |  -1.000 |   1.000 |   1.000 |   0.000 |   0.000 |   1.000 |   1.000 |   1.000 |   0.000 |  -1.000 |  -1.000 |   1.000 |   1.000 |   0.000 |   0.000 |
x7    0.000 |   0.000 |  -1.000 |   0.000 |   0.000 |   0.000 |   0.000 |   1.000 |  -1.500 |   0.000 |   1.000 |   0.000 |   0.000 |   0.500 |   0.000 |  -0.500 |   1.000 |   0.000 |  -0.500 |   0.000 |   0.500 |  -0.500 |  -0.500 |   0.000 |   0.000 |   1.000 |   1.000 |  -0.500 |   0.000 |   0.500 |   1.000 |   0.000 |   0.500 |  -1.000 |   0.000 |   0.000 |   0.500 |   0.500 |   0.000 |
x14   0.000 |   0.000 |   0.000 |   0.000 |   0.000 |  -1.000 |  -1.000 |   0.000 |   0.500 |  -1.000 |   0.000 |   0.000 |   0.000 |  -0.500 |   1.000 |   0.500 |  -0.000 |   0.000 |  -0.500 |  -1.000 |  -0.500 |  -0.500 |   0.500 |   0.000 |   1.000 |  -1.000 |  -1.000 |  -0.500 |   0.000 |  -1.500 |  -1.000 |   0.000 |  -0.500 |   0.000 |   1.000 |   0.000 |  -1.500 |   0.500 |   0.000 |
x11   0.000 |   1.000 |  -1.000 |   0.000 |   0.000 |   0.000 |  -0.000 |   0.000 |  -0.500 |   0.000 |   0.000 |   1.000 |   1.000 |   0.500 |   0.000 |   0.500 |   1.000 |   0.000 |  -0.500 |  -0.000 |   0.500 |   0.500 |   0.500 |   0.000 |   0.000 |   1.000 |   1.000 |   0.500 |   1.000 |   0.500 |   0.000 |   1.000 |  -0.500 |   0.000 |  -1.000 |   1.000 |   0.500 |  -0.500 |   1.000 |

Iteração 5
            | x1      | x2      | x3      | x4      | x5      | x6      | x7      | x8      | x9      | x10     | x11     | x12     | x13     | x14     | x15     | x16     | x17     | x18     | x19     | x20     | x21     | x22     | x23     | x24     | x25     | x26     | x27     | x28     | x29     | x30     | x31     | x32     | x33     | x34     | x35     | x36     | x37     | x38     |
     -0.375 |   0.899 |   0.448 |   0.050 |   0.000 |   1.094 |   0.834 |   0.000 |   0.567 |   0.315 |   0.918 |   0.000 |   0.000 |   1.121 |   0.000 |   0.568 |  -0.037 |   0.000 |   0.782 |   0.303 |   0.150 |   0.360 |   0.700 |   0.022 |   0.054 |   0.651 |   0.453 |   0.864 |   0.493 |   0.730 |   0.168 |   0.433 |   0.423 |   0.214 |  -0.177 |   0.192 |   1.304 |   0.286 |   0.521 |
---------------------------------------------------------------------------------------------------------------------------------------------------------------------------------------------------------------------------------------------------------------------------------------------------------------------------------------------------------------------------------------------------------
x17   1.000 |   0.000 |   2.000 |   1.000 |   0.000 |   0.000 |   1.000 |   0.000 |   2.500 |   0.000 |  -1.000 |   0.000 |   0.000 |  -0.500 |   0.000 |   1.500 |  -1.000 |   1.000 |   1.500 |   1.000 |  -0.500 |   0.500 |   1.500 |   1.000 |   1.000 |  -1.000 |  -1.000 |   0.500 |   1.000 |  -0.500 |  -1.000 |   0.000 |  -0.500 |   2.000 |   1.000 |   0.000 |  -0.500 |  -0.500 |   1.000 |
x12   0.000 |   1.000 |   0.000 |   1.000 |   0.000 |  -1.000 |   0.000 |   0.000 |   0.500 |  -1.000 |   0.000 |   0.000 |   1.000 |   0.500 |   0.000 |   0.500 |  -0.000 |   0.000 |  -0.500 |   0.000 |  -0.500 |  -0.500 |   1.500 |   0.000 |  -0.000 |   0.000 |   0.000 |  -0.500 |   1.000 |  -0.500 |  -1.000 |   1.000 |  -1.500 |   0.000 |  -0.000 |   1.000 |  -0.500 |  -0.500 |   1.000 |
x4    0.000 |   0.000 |  -1.000 |  -1.000 |   1.000 |   1.000 |  -0.000 |   0.000 |  -1.500 |   1.000 |   1.000 |   0.000 |   0.000 |   0.500 |   0.000 |  -1.500 |   1.000*|   0.000 |  -0.500 |  -0.000 |   0.500 |   0.500 |  -1.500 |   0.000 |  -1.000 |   1.000 |   1.000 |   0.500 |  -1.000 |   1.500 |   2.000 |   0.000 |   1.500 |  -1.000 |  -1.000 |   0.000 |   1.500 |   0.500 |  -1.000 |
x7    0.000 |   0.000 |  -1.000 |   0.000 |   0.000 |   0.000 |   0.000 |   1.000 |  -1.500 |   0.000 |   1.000 |   0.000 |   0.000 |   0.500 |   0.000 |  -0.500 |   1.000 |   0.000 |  -0.500 |   0.000 |   0.500 |  -0.500 |  -0.500 |   0.000 |   0.000 |   1.000 |   1.000 |  -0.500 |   0.000 |   0.500 |   1.000 |   0.000 |   0.500 |  -1.000 |   0.000 |   0.000 |   0.500 |   0.500 |   0.000 |
x14   0.000 |   0.000 |   0.000 |   0.000 |   0.000 |  -1.000 |  -1.000 |   0.000 |   0.500 |  -1.000 |   0.000 |   0.000 |   0.000 |  -0.500 |   1.000 |   0.500 |  -0.000 |   0.000 |  -0.500 |  -1.000 |  -0.500 |  -0.500 |   0.500 |   0.000 |   1.000 |  -1.000 |  -1.000 |  -0.500 |   0.000 |  -1.500 |  -1.000 |   0.000 |  -0.500 |   0.000 |   1.000 |   0.000 |  -1.500 |   0.500 |   0.000 |
x11   0.000 |   0.000 |  -1.000 |  -1.000 |   0.000 |   1.000 |  -0.000 |   0.000 |  -1.000 |   1.000 |   0.000 |   1.000 |   0.000 |  -0.000 |   0.000 |   0.000 |   1.000 |   0.000 |   0.000 |  -0.000 |   1.000 |   1.000 |  -1.000 |   0.000 |   0.000 |   1.000 |   1.000 |   1.000 |   0.000 |   1.000 |   1.000 |   0.000 |   1.000 |   0.000 |  -1.000 |   0.000 |   1.000 |   0.000 |   0.000 |

Iteração 6
            | x1      | x2      | x3      | x4      | x5      | x6      | x7      | x8      | x9      | x10     | x11     | x12     | x13     | x14     | x15     | x16     | x17     | x18     | x19     | x20     | x21     | x22     | x23     | x24     | x25     | x26     | x27     | x28     | x29     | x30     | x31     | x32     | x33     | x34     | x35     | x36     | x37     | x38     |
     -0.375 |   0.899 |   0.411 |   0.012 |   0.037 |   1.132 |   0.834 |   0.000 |   0.511 |   0.352 |   0.955 |   0.000 |   0.000 |   1.139 |   0.000 |   0.512 |   0.000 |   0.000 |   0.763 |   0.303 |   0.169 |   0.379 |   0.644 |   0.022 |   0.017 |   0.688 |   0.491 |   0.883 |   0.456 |   0.786 |   0.243 |   0.433 |   0.479 |   0.176 |  -0.214 |   0.192 |   1.360 |   0.305 |   0.484 |
---------------------------------------------------------------------------------------------------------------------------------------------------------------------------------------------------------------------------------------------------------------------------------------------------------------------------------------------------------------------------------------------------------
x17   1.000 |   0.000 |   1.000 |   0.000 |   1.000 |   1.000 |   1.000 |   0.000 |   1.000 |   1.000 |   0.000 |   0.000 |   0.000 |   0.000 |   0.000 |   0.000 |   0.000 |   1.000 |   1.000 |   1.000 |   0.000 |   1.000 |   0.000 |   1.000 |  -0.000 |   0.000 |   0.000 |   1.000 |   0.000 |   1.000 |   1.000 |   0.000 |   1.000 |   1.000 |  -0.000 |   0.000 |   1.000 |   0.000 |   0.000 |
x12   0.000 |   1.000 |  -0.000 |   1.000 |   0.000 |  -1.000 |   0.000 |   0.000 |   0.500 |  -1.000 |   0.000 |   0.000 |   1.000 |   0.500 |   0.000 |   0.500 |   0.000 |   0.000 |  -0.500 |   0.000 |  -0.500 |  -0.500 |   1.500 |   0.000 |  -0.000 |   0.000 |   0.000 |  -0.500 |   1.000 |  -0.500 |  -1.000 |   1.000 |  -1.500 |  -0.000 |  -0.000 |   1.000 |  -0.500 |  -0.500 |   1.000 |
x16   0.000 |   0.000 |  -1.000 |  -1.000 |   1.000 |   1.000 |  -0.000 |   0.000 |  -1.500 |   1.000 |   1.000 |   0.000 |   0.000 |   0.500 |   0.000 |  -1.500 |   1.000 |   0.000 |  -0.500 |  -0.000 |   0.500 |   0.500 |  -1.500 |   0.000 |  -1.000 |   1.000 |   1.000 |   0.500 |  -1.000 |   1.500 |   2.000 |   0.000 |   1.500 |  -1.000 |  -1.000 |   0.000 |   1.500 |   0.500 |  -1.000 |
x7    0.000 |   0.000 |   0.000 |   1.000 |  -1.000 |  -1.000 |   0.000 |   1.000 |   0.000 |  -1.000 |   0.000 |   0.000 |   0.000 |   0.000 |   0.000 |   1.000 |   0.000 |   0.000 |   0.000 |   0.000 |   0.000 |  -1.000 |   1.000 |   0.000 |   1.000 |   0.000 |   0.000 |  -1.000 |   1.000 |  -1.000 |  -1.000 |   0.000 |  -1.000 |   0.000 |   1.000*|   0.000 |  -1.000 |   0.000 |   1.000 |
x14   0.000 |   0.000 |  -0.000 |  -0.000 |   0.000 |  -1.000 |  -1.000 |   0.000 |   0.500 |  -1.000 |   0.000 |   0.000 |   0.000 |  -0.500 |   1.000 |   0.500 |   0.000 |   0.000 |  -0.500 |  -1.000 |  -0.500 |  -0.500 |   0.500 |   0.000 |   1.000 |  -1.000 |  -1.000 |  -0.500 |  -0.000 |  -1.500 |  -1.000 |   0.000 |  -0.500 |  -0.000 |   1.000 |   0.000 |  -1.500 |   0.500 |  -0.000 |
x11   0.000 |   0.000 |   0.000 |   0.000 |  -1.000 |   0.000 |  -0.000 |   0.000 |   0.500 |   0.000 |  -1.000 |   1.000 |   0.000 |  -0.500 |   0.000 |   1.500 |   0.000 |   0.000 |   0.500 |  -0.000 |   0.500 |   0.500 |   0.500 |   0.000 |   1.000 |   0.000 |   0.000 |   0.500 |   1.000 |  -0.500 |  -1.000 |   0.000 |  -0.500 |   1.000 |   0.000 |   0.000 |  -0.500 |  -0.500 |   1.000 |

Iteração 7
            | x1      | x2      | x3      | x4      | x5      | x6      | x7      | x8      | x9      | x10     | x11     | x12     | x13     | x14     | x15     | x16     | x17     | x18     | x19     | x20     | x21     | x22     | x23     | x24     | x25     | x26     | x27     | x28     | x29     | x30     | x31     | x32     | x33     | x34     | x35     | x36     | x37     | x38     |
     -0.375 |   0.899 |   0.411 |   0.226 |  -0.177 |   0.918 |   0.834 |   0.214 |   0.511 |   0.138 |   0.955 |   0.000 |   0.000 |   1.139 |   0.000 |   0.726 |   0.000 |   0.000 |   0.763 |   0.303 |   0.169 |   0.165 |   0.858 |   0.022 |   0.231 |   0.688 |   0.491 |   0.669 |   0.670 |   0.572 |   0.029 |   0.433 |   0.265 |   0.176 |   0.000 |   0.192 |   1.146 |   0.305 |   0.698 |
---------------------------------------------------------------------------------------------------------------------------------------------------------------------------------------------------------------------------------------------------------------------------------------------------------------------------------------------------------------------------------------------------------
x17   1.000 |   0.000 |   1.000 |   0.000 |   1.000 |   1.000 |   1.000 |   0.000 |   1.000 |   1.000 |   0.000 |   0.000 |   0.000 |   0.000 |   0.000 |   0.000 |   0.000 |   1.000 |   1.000 |   1.000 |   0.000 |   1.000 |   0.000 |   1.000 |  -0.000 |   0.000 |   0.000 |   1.000 |   0.000 |   1.000 |   1.000 |   0.000 |   1.000 |   1.000 |   0.000 |   0.000 |   1.000 |   0.000 |   0.000 |
x12   0.000 |   1.000 |  -0.000 |   1.000 |  -0.000 |  -1.000 |   0.000 |   0.000 |   0.500 |  -1.000 |   0.000 |   0.000 |   1.000 |   0.500 |   0.000 |   0.500 |   0.000 |   0.000 |  -0.500 |   0.000 |  -0.500 |  -0.500 |   1.500 |   0.000 |  -0.000 |   0.000 |   0.000 |  -0.500 |   1.000 |  -0.500 |  -1.000 |   1.000 |  -1.500 |  -0.000 |   0.000 |   1.000 |  -0.500 |  -0.500 |   1.000 |
x16   0.000 |   0.000 |  -1.000 |  -0.000 |   0.000 |   0.000 |  -0.000 |   1.000 |  -1.500 |   0.000 |   1.000 |   0.000 |   0.000 |   0.500 |   0.000 |  -0.500 |   1.000 |   0.000 |  -0.500 |  -0.000 |   0.500 |  -0.500 |  -0.500 |   0.000 |  -0.000 |   1.000 |   1.000 |  -0.500 |  -0.000 |   0.500 |   1.000 |   0.000 |   0.500 |  -1.000 |   0.000 |   0.000 |   0.500 |   0.500 |  -0.000 |
x34   0.000 |   0.000 |   0.000 |   1.000 |  -1.000 |  -1.000 |   0.000 |   1.000 |   0.000 |  -1.000 |   0.000 |   0.000 |   0.000 |   0.000 |   0.000 |   1.000 |   0.000 |   0.000 |   0.000 |   0.000 |   0.000 |  -1.000 |   1.000 |   0.000 |   1.000 |   0.000 |   0.000 |  -1.000 |   1.000 |  -1.000 |  -1.000 |   0.000 |  -1.000 |   0.000 |   1.000 |   0.000 |  -1.000 |   0.000 |   1.000 |
x14   0.000 |   0.000 |  -0.000 |  -1.000 |   1.000*|  -0.000 |  -1.000 |  -1.000 |   0.500 |  -0.000 |   0.000 |   0.000 |   0.000 |  -0.500 |   1.000 |  -0.500 |   0.000 |   0.000 |  -0.500 |  -1.000 |  -0.500 |   0.500 |  -0.500 |   0.000 |   0.000 |  -1.000 |  -1.000 |   0.500 |  -1.000 |  -0.500 |  -0.000 |   0.000 |   0.500 |  -0.000 |   0.000 |   0.000 |  -0.500 |   0.500 |  -1.000 |
x11   0.000 |   0.000 |   0.000 |   0.000 |  -1.000 |   0.000 |  -0.000 |   0.000 |   0.500 |   0.000 |  -1.000 |   1.000 |   0.000 |  -0.500 |   0.000 |   1.500 |   0.000 |   0.000 |   0.500 |  -0.000 |   0.500 |   0.500 |   0.500 |   0.000 |   1.000 |   0.000 |   0.000 |   0.500 |   1.000 |  -0.500 |  -1.000 |   0.000 |  -0.500 |   1.000 |   0.000 |   0.000 |  -0.500 |  -0.500 |   1.000 |

Iteração 8
            | x1      | x2      | x3      | x4      | x5      | x6      | x7      | x8      | x9      | x10     | x11     | x12     | x13     | x14     | x15     | x16     | x17     | x18     | x19     | x20     | x21     | x22     | x23     | x24     | x25     | x26     | x27     | x28     | x29     | x30     | x31     | x32     | x33     | x34     | x35     | x36     | x37     | x38     |
     -0.375 |   0.899 |   0.411 |   0.050 |   0.000 |   0.918 |   0.657 |   0.037 |   0.600 |   0.138 |   0.955 |   0.000 |   0.000 |   1.051 |   0.177 |   0.638 |   0.000 |   0.000 |   0.675 |   0.127 |   0.081 |   0.253 |   0.769 |   0.022 |   0.231 |   0.512 |   0.314 |   0.757 |   0.493 |   0.484 |   0.029 |   0.433 |   0.353 |   0.176 |   0.000 |   0.192 |   1.058 |   0.394 |   0.521 |
---------------------------------------------------------------------------------------------------------------------------------------------------------------------------------------------------------------------------------------------------------------------------------------------------------------------------------------------------------------------------------------------------------
x17   1.000 |   0.000 |   1.000 |   1.000 |   0.000 |   1.000 |   2.000 |   1.000 |   0.500 |   1.000 |  -0.000 |   0.000 |   0.000 |   0.500 |  -1.000 |   0.500 |   0.000 |   1.000 |   1.500 |   2.000 |   0.500 |   0.500 |   0.500 |   1.000 |  -0.000 |   1.000 |   1.000 |   0.500 |   1.000 |   1.500 |   1.000 |   0.000 |   0.500 |   1.000 |   0.000 |   0.000 |   1.500 |  -0.500 |   1.000 |
x12   0.000 |   1.000 |  -0.000 |   1.000 |   0.000 |  -1.000 |   0.000 |   0.000 |   0.500 |  -1.000 |   0.000 |   0.000 |   1.000 |   0.500 |   0.000 |   0.500 |   0.000 |   0.000 |  -0.500 |   0.000 |  -0.500 |  -0.500 |   1.500 |   0.000 |  -0.000 |   0.000 |   0.000 |  -0.500 |   1.000 |  -0.500 |  -1.000 |   1.000 |  -1.500 |  -0.000 |   0.000 |   1.000 |  -0.500 |  -0.500 |   1.000 |
x16   0.000 |   0.000 |  -1.000 |   0.000 |   0.000 |   0.000 |   0.000 |   1.000 |  -1.500 |   0.000 |   1.000 |   0.000 |   0.000 |   0.500 |  -0.000 |  -0.500 |   1.000 |   0.000 |  -0.500 |   0.000 |   0.500 |  -0.500 |  -0.500 |   0.000 |  -0.000 |   1.000 |   1.000 |  -0.500 |   0.000 |   0.500 |   1.000 |   0.000 |   0.500 |  -1.000 |   0.000 |   0.000 |   0.500 |   0.500 |   0.000 |
x34   0.000 |   0.000 |  -0.000 |   0.000 |   0.000 |  -1.000 |  -1.000 |   0.000 |   0.500 |  -1.000 |   0.000 |   0.000 |   0.000 |  -0.500 |   1.000 |   0.500 |   0.000 |   0.000 |  -0.500 |  -1.000 |  -0.500 |  -0.500 |   0.500 |   0.000 |   1.000 |  -1.000 |  -1.000 |  -0.500 |   0.000 |  -1.500 |  -1.000 |   0.000 |  -0.500 |  -0.000 |   1.000 |   0.000 |  -1.500 |   0.500 |   0.000 |
x4    0.000 |   0.000 |  -0.000 |  -1.000 |   1.000 |  -0.000 |  -1.000 |  -1.000 |   0.500 |  -0.000 |   0.000 |   0.000 |   0.000 |  -0.500 |   1.000 |  -0.500 |   0.000 |   0.000 |  -0.500 |  -1.000 |  -0.500 |   0.500 |  -0.500 |   0.000 |   0.000 |  -1.000 |  -1.000 |   0.500 |  -1.000 |  -0.500 |  -0.000 |   0.000 |   0.500 |  -0.000 |   0.000 |   0.000 |  -0.500 |   0.500 |  -1.000 |
x11   0.000 |   0.000 |  -0.000 |  -1.000 |   0.000 |  -0.000 |  -1.000 |  -1.000 |   1.000 |  -0.000 |  -1.000 |   1.000 |   0.000 |  -1.000 |   1.000 |   1.000 |   0.000 |   0.000 |  -0.000 |  -1.000 |  -0.000 |   1.000 |   0.000 |   0.000 |   1.000 |  -1.000 |  -1.000 |   1.000 |   0.000 |  -1.000 |  -1.000 |   0.000 |  -0.000 |   1.000 |   0.000 |   0.000 |  -1.000 |   0.000 |   0.000 |

ind = 0
x =

   0
   0
   0
   0
   0
   0
   0
   0
   0
   0
   0
   0
   0
   0
   0
   0
   1
   0
   0
   0
   0
   0
   0
   0
   0
   0
   0
   0
   0
   0
   0
   0
   0
   0
   0
   0
   0
   0

